id,classes
0,3
1,8
2,8
3,0
4,6
5,6
6,1
7,6
8,3
9,1
10,0
11,9
12,5
13,7
14,9
15,6
16,5
17,7
18,8
19,6
20,7
21,0
22,4
23,9
24,7
25,5
26,5
27,0
28,9
29,6
30,6
31,5
32,4
33,5
34,9
35,9
36,4
37,9
38,9
39,5
40,4
41,6
42,5
43,6
44,8
45,9
46,6
47,9
48,7
49,6
50,9
51,8
52,0
53,3
54,8
55,8
56,7
57,5
58,5
59,2
60,7
61,3
62,6
63,3
64,6
65,6
66,1
67,2
68,6
69,9
70,2
71,3
72,8
73,8
74,1
75,2
76,9
77,5
78,5
79,8
80,8
81,1
82,1
83,7
84,2
85,7
86,2
87,4
88,8
89,9
90,0
91,3
92,8
93,6
94,2
95,6
96,6
97,0
98,0
99,7
100,4
101,5
102,6
103,3
104,1
105,1
106,5
107,6
108,8
109,7
110,4
111,0
112,2
113,2
114,1
115,3
116,0
117,9
118,3
119,7
120,8
121,3
122,1
123,2
124,8
125,8
126,8
127,6
128,3
129,2
130,4
131,1
132,8
133,9
134,9
135,2
136,9
137,7
138,2
139,8
140,6
141,5
142,6
143,5
144,8
145,9
146,6
147,5
148,9
149,2
150,8
151,9
152,6
153,3
154,0
155,5
156,2
157,9
158,3
159,4
160,0
161,1
162,5
163,6
164,0
165,2
166,8
167,6
168,5
169,4
170,9
171,9
172,9
173,8
174,9
175,9
176,3
177,7
178,3
179,0
180,0
181,3
182,2
183,2
184,3
185,8
186,6
187,3
188,3
189,0
190,6
191,9
192,0
193,1
194,6
195,2
196,8
197,4
198,7
199,8
200,5
201,1
202,8
203,7
204,1
205,3
206,0
207,5
208,7
209,9
210,6
211,4
212,3
213,9
214,8
215,0
216,7
217,9
218,1
219,2
220,7
221,6
222,9
223,4
224,3
225,9
226,4
227,4
228,7
229,5
230,5
231,1
232,5
233,8
234,8
235,0
236,4
237,0
238,5
239,5
240,1
241,1
242,8
243,9
244,0
245,6
246,1
247,9
248,2
249,2
250,5
251,3
252,9
253,9
254,4
255,3
256,3
257,0
258,8
259,9
260,8
261,1
262,3
263,3
264,8
265,8
266,5
267,4
268,7
269,0
270,2
271,3
272,6
273,3
274,8
275,5
276,0
277,2
278,4
279,6
280,9
281,0
282,6
283,1
284,9
285,9
286,1
287,8
288,7
289,9
290,1
291,2
292,6
293,1
294,3
295,4
296,6
297,0
298,0
299,6
300,6
301,6
302,5
303,5
304,6
305,1
306,9
307,2
308,1
309,4
310,1
311,6
312,8
313,0
314,4
315,0
316,7
317,7
318,5
319,5
320,3
321,5
322,2
323,3
324,1
325,5
326,7
327,5
328,4
329,6
330,1
331,9
332,6
333,6
334,6
335,9
336,3
337,8
338,0
339,9
340,2
341,6
342,0
343,5
344,8
345,5
346,5
347,6
348,8
349,9
350,9
351,1
352,0
353,2
354,2
355,6
356,6
357,5
358,8
359,0
360,9
361,5
362,8
363,1
364,9
365,2
366,8
367,9
368,8
369,1
370,4
371,7
372,9
373,4
374,2
375,7
376,0
377,7
378,4
379,6
380,6
381,9
382,0
383,1
384,5
385,0
386,7
387,2
388,2
389,5
390,1
391,2
392,6
393,6
394,9
395,6
396,2
397,3
398,0
399,9
400,9
401,8
402,7
403,8
404,8
405,6
406,0
407,0
408,8
409,2
410,7
411,9
412,4
413,6
414,1
415,9
416,0
417,7
418,3
419,4
420,4
421,5
422,0
423,0
424,2
425,9
426,5
427,3
428,6
429,6
430,2
431,3
432,3
433,7
434,7
435,7
436,2
437,5
438,3
439,1
440,1
441,3
442,9
443,9
444,8
445,7
446,5
447,2
448,2
449,0
450,2
451,9
452,7
453,3
454,9
455,4
456,6
457,7
458,4
459,6
460,5
461,6
462,1
463,4
464,6
465,4
466,4
467,3
468,4
469,8
470,2
471,7
472,8
473,0
474,5
475,7
476,6
477,9
478,5
479,6
480,9
481,6
482,8
483,5
484,5
485,7
486,9
487,9
488,4
489,0
490,1
491,0
492,8
493,1
494,1
495,8
496,1
497,2
498,2
499,0
500,4
501,6
502,5
503,4
504,9
505,4
506,7
507,9
508,9
509,4
510,5
511,6
512,6
513,1
514,5
515,3
516,8
517,1
518,3
519,1
520,5
521,7
522,0
523,7
524,0
525,5
526,0
527,0
528,8
529,6
530,9
531,9
532,9
533,5
534,6
535,6
536,6
537,4
538,9
539,9
540,1
541,7
542,6
543,7
544,5
545,9
546,1
547,6
548,6
549,5
550,2
551,5
552,8
553,3
554,9
555,4
556,6
557,4
558,3
559,2
560,0
561,7
562,6
563,3
564,2
565,3
566,9
567,3
568,9
569,2
570,6
571,7
572,1
573,5
574,6
575,6
576,8
577,8
578,7
579,5
580,4
581,0
582,8
583,7
584,0
585,8
586,2
587,4
588,8
589,9
590,6
591,9
592,2
593,6
594,1
595,4
596,7
597,2
598,5
599,3
600,8
601,3
602,0
603,2
604,1
605,6
606,5
607,2
608,3
609,9
610,6
611,9
612,8
613,8
614,5
615,8
616,6
617,6
618,7
619,1
620,7
621,7
622,1
623,2
624,7
625,9
626,9
627,4
628,4
629,1
630,2
631,5
632,6
633,8
634,7
635,6
636,8
637,3
638,0
639,3
640,7
641,3
642,0
643,7
644,9
645,1
646,3
647,4
648,4
649,5
650,3
651,9
652,5
653,6
654,9
655,4
656,1
657,1
658,4
659,1
660,9
661,4
662,7
663,6
664,3
665,8
666,9
667,0
668,9
669,3
670,6
671,5
672,2
673,3
674,2
675,0
676,4
677,1
678,0
679,5
680,9
681,6
682,4
683,8
684,9
685,2
686,9
687,6
688,6
689,4
690,2
691,3
692,0
693,7
694,8
695,3
696,8
697,2
698,7
699,5
700,7
701,2
702,4
703,8
704,7
705,4
706,2
707,9
708,8
709,8
710,6
711,8
712,8
713,7
714,4
715,3
716,3
717,8
718,4
719,8
720,4
721,8
722,8
723,1
724,8
725,2
726,1
727,5
728,6
729,5
730,9
731,2
732,7
733,9
734,1
735,0
736,1
737,0
738,1
739,3
740,2
741,7
742,0
743,7
744,5
745,7
746,6
747,6
748,2
749,3
750,9
751,2
752,9
753,1
754,2
755,2
756,6
757,8
758,2
759,1
760,7
761,6
762,6
763,0
764,1
765,2
766,7
767,0
768,5
769,4
770,6
771,1
772,6
773,6
774,0
775,2
776,1
777,6
778,0
779,6
780,9
781,1
782,7
783,6
784,7
785,0
786,3
787,0
788,6
789,8
790,2
791,0
792,3
793,5
794,7
795,7
796,1
797,4
798,7
799,6
800,7
801,1
802,0
803,7
804,4
805,4
806,8
807,6
808,7
809,8
810,2
811,5
812,7
813,2
814,0
815,8
816,9
817,6
818,8
819,2
820,6
821,2
822,0
823,8
824,7
825,6
826,7
827,6
828,5
829,3
830,1
831,3
832,2
833,2
834,5
835,9
836,9
837,2
838,9
839,2
840,7
841,0
842,7
843,2
844,1
845,3
846,2
847,0
848,2
849,4
850,7
851,9
852,8
853,1
854,0
855,7
856,2
857,0
858,7
859,8
860,4
861,6
862,6
863,3
864,0
865,1
866,3
867,7
868,0
869,1
870,3
871,1
872,4
873,2
874,7
875,8
876,4
877,2
878,3
879,7
880,8
881,4
882,4
883,0
884,9
885,0
886,9
887,1
888,8
889,6
890,4
891,6
892,7
893,4
894,1
895,1
896,3
897,4
898,5
899,5
900,6
901,6
902,6
903,5
904,8
905,7
906,1
907,6
908,8
909,8
910,5
911,3
912,2
913,4
914,0
915,1
916,3
917,8
918,8
919,0
920,6
921,9
922,5
923,9
924,5
925,3
926,8
927,6
928,0
929,0
930,4
931,2
932,7
933,0
934,7
935,2
936,2
937,5
938,9
939,8
940,9
941,9
942,5
943,4
944,0
945,3
946,0
947,1
948,7
949,8
950,4
951,9
952,6
953,1
954,4
955,7
956,0
957,5
958,7
959,1
960,1
961,1
962,1
963,6
964,6
965,6
966,6
967,9
968,1
969,9
970,9
971,4
972,3
973,1
974,0
975,0
976,6
977,8
978,1
979,9
980,2
981,9
982,2
983,4
984,7
985,8
986,7
987,1
988,2
989,0
990,1
991,5
992,8
993,4
994,6
995,3
996,0
997,1
998,3
999,8
1000,5
1001,8
1002,8
1003,4
1004,8
1005,1
1006,1
1007,8
1008,1
1009,6
1010,0
1011,8
1012,4
1013,1
1014,3
1015,4
1016,1
1017,6
1018,0
1019,3
1020,1
1021,1
1022,0
1023,0
1024,3
1025,5
1026,0
1027,0
1028,6
1029,6
1030,3
1031,9
1032,2
1033,3
1034,3
1035,6
1036,0
1037,7
1038,2
1039,4
1040,3
1041,5
1042,2
1043,7
1044,8
1045,5
1046,2
1047,8
1048,1
1049,1
1050,0
1051,2
1052,0
1053,5
1054,1
1055,5
1056,6
1057,7
1058,6
1059,8
1060,9
1061,1
1062,7
1063,4
1064,9
1065,3
1066,9
1067,0
1068,9
1069,6
1070,3
1071,6
1072,1
1073,7
1074,3
1075,8
1076,0
1077,0
1078,0
1079,6
1080,6
1081,6
1082,9
1083,2
1084,5
1085,4
1086,4
1087,6
1088,3
1089,6
1090,0
1091,8
1092,6
1093,0
1094,6
1095,2
1096,7
1097,5
1098,1
1099,2
1100,7
1101,8
1102,8
1103,0
1104,9
1105,4
1106,9
1107,7
1108,2
1109,0
1110,2
1111,8
1112,3
1113,8
1114,9
1115,1
1116,5
1117,5
1118,4
1119,7
1120,5
1121,3
1122,8
1123,5
1124,3
1125,6
1126,0
1127,8
1128,7
1129,5
1130,7
1131,9
1132,6
1133,4
1134,1
1135,6
1136,9
1137,9
1138,5
1139,8
1140,6
1141,1
1142,8
1143,6
1144,1
1145,6
1146,2
1147,6
1148,2
1149,4
1150,4
1151,2
1152,0
1153,8
1154,6
1155,9
1156,1
1157,2
1158,9
1159,0
1160,8
1161,0
1162,7
1163,3
1164,8
1165,0
1166,5
1167,2
1168,3
1169,7
1170,7
1171,9
1172,2
1173,3
1174,1
1175,9
1176,1
1177,9
1178,7
1179,3
1180,3
1181,6
1182,1
1183,0
1184,6
1185,1
1186,4
1187,1
1188,0
1189,0
1190,1
1191,1
1192,6
1193,3
1194,4
1195,6
1196,2
1197,0
1198,7
1199,7
1200,0
1201,7
1202,2
1203,0
1204,6
1205,0
1206,1
1207,0
1208,0
1209,5
1210,5
1211,6
1212,1
1213,8
1214,5
1215,7
1216,8
1217,7
1218,8
1219,5
1220,7
1221,9
1222,9
1223,8
1224,4
1225,6
1226,6
1227,3
1228,3
1229,1
1230,2
1231,9
1232,1
1233,2
1234,1
1235,5
1236,5
1237,0
1238,1
1239,5
1240,6
1241,0
1242,8
1243,8
1244,5
1245,6
1246,6
1247,5
1248,4
1249,3
1250,7
1251,1
1252,5
1253,8
1254,0
1255,4
1256,8
1257,8
1258,9
1259,8
1260,1
1261,1
1262,8
1263,8
1264,8
1265,9
1266,0
1267,4
1268,3
1269,5
1270,9
1271,8
1272,7
1273,6
1274,5
1275,3
1276,5
1277,2
1278,0
1279,8
1280,5
1281,8
1282,9
1283,5
1284,1
1285,9
1286,8
1287,9
1288,1
1289,6
1290,7
1291,9
1292,3
1293,4
1294,8
1295,0
1296,7
1297,2
1298,9
1299,7
1300,4
1301,1
1302,6
1303,6
1304,8
1305,9
1306,1
1307,0
1308,4
1309,6
1310,0
1311,8
1312,6
1313,1
1314,9
1315,0
1316,5
1317,9
1318,3
1319,0
1320,7
1321,2
1322,9
1323,0
1324,4
1325,4
1326,6
1327,6
1328,5
1329,5
1330,7
1331,8
1332,1
1333,9
1334,3
1335,1
1336,4
1337,5
1338,6
1339,3
1340,1
1341,4
1342,7
1343,0
1344,9
1345,4
1346,6
1347,8
1348,3
1349,8
1350,4
1351,7
1352,1
1353,8
1354,1
1355,5
1356,2
1357,9
1358,8
1359,9
1360,7
1361,9
1362,5
1363,1
1364,4
1365,0
1366,8
1367,2
1368,3
1369,8
1370,9
1371,1
1372,9
1373,3
1374,2
1375,4
1376,9
1377,8
1378,1
1379,7
1380,4
1381,6
1382,2
1383,8
1384,9
1385,1
1386,3
1387,9
1388,5
1389,4
1390,6
1391,5
1392,2
1393,4
1394,6
1395,3
1396,1
1397,0
1398,0
1399,0
1400,5
1401,4
1402,7
1403,6
1404,1
1405,1
1406,9
1407,8
1408,1
1409,0
1410,1
1411,2
1412,1
1413,1
1414,1
1415,7
1416,5
1417,9
1418,6
1419,8
1420,7
1421,6
1422,8
1423,4
1424,9
1425,3
1426,7
1427,1
1428,7
1429,6
1430,8
1431,4
1432,9
1433,7
1434,0
1435,1
1436,6
1437,1
1438,5
1439,9
1440,0
1441,4
1442,3
1443,4
1444,1
1445,6
1446,0
1447,8
1448,4
1449,6
1450,6
1451,2
1452,6
1453,5
1454,3
1455,6
1456,2
1457,1
1458,1
1459,8
1460,6
1461,0
1462,2
1463,0
1464,1
1465,9
1466,7
1467,1
1468,3
1469,7
1470,0
1471,8
1472,7
1473,7
1474,7
1475,9
1476,7
1477,7
1478,7
1479,7
1480,9
1481,2
1482,8
1483,6
1484,2
1485,2
1486,7
1487,9
1488,8
1489,6
1490,8
1491,6
1492,8
1493,9
1494,5
1495,0
1496,2
1497,8
1498,1
1499,8
1500,1
1501,6
1502,2
1503,5
1504,1
1505,6
1506,4
1507,7
1508,8
1509,1
1510,8
1511,1
1512,8
1513,6
1514,0
1515,2
1516,2
1517,1
1518,3
1519,6
1520,7
1521,7
1522,4
1523,4
1524,3
1525,5
1526,4
1527,5
1528,2
1529,6
1530,9
1531,7
1532,8
1533,4
1534,4
1535,4
1536,3
1537,4
1538,9
1539,2
1540,8
1541,2
1542,5
1543,5
1544,4
1545,1
1546,4
1547,0
1548,4
1549,9
1550,6
1551,4
1552,5
1553,2
1554,4
1555,0
1556,8
1557,8
1558,6
1559,3
1560,7
1561,5
1562,6
1563,9
1564,1
1565,6
1566,7
1567,2
1568,0
1569,1
1570,4
1571,5
1572,3
1573,0
1574,1
1575,2
1576,6
1577,6
1578,6
1579,0
1580,6
1581,9
1582,9
1583,1
1584,7
1585,5
1586,5
1587,0
1588,5
1589,6
1590,0
1591,1
1592,4
1593,5
1594,3
1595,6
1596,0
1597,3
1598,5
1599,5
1600,8
1601,9
1602,7
1603,5
1604,1
1605,2
1606,3
1607,1
1608,4
1609,4
1610,3
1611,3
1612,3
1613,0
1614,1
1615,7
1616,7
1617,0
1618,7
1619,4
1620,7
1621,1
1622,5
1623,2
1624,4
1625,3
1626,8
1627,9
1628,7
1629,9
1630,9
1631,1
1632,8
1633,1
1634,6
1635,7
1636,5
1637,5
1638,2
1639,9
1640,7
1641,6
1642,5
1643,9
1644,6
1645,4
1646,0
1647,7
1648,8
1649,7
1650,5
1651,0
1652,0
1653,9
1654,9
1655,8
1656,2
1657,5
1658,2
1659,8
1660,3
1661,6
1662,7
1663,6
1664,0
1665,6
1666,6
1667,6
1668,9
1669,6
1670,6
1671,8
1672,6
1673,6
1674,4
1675,5
1676,8
1677,1
1678,2
1679,7
1680,6
1681,6
1682,7
1683,8
1684,8
1685,9
1686,8
1687,8
1688,6
1689,9
1690,2
1691,8
1692,9
1693,8
1694,0
1695,9
1696,4
1697,9
1698,5
1699,7
1700,5
1701,5
1702,9
1703,5
1704,3
1705,0
1706,1
1707,9
1708,7
1709,2
1710,4
1711,1
1712,0
1713,8
1714,0
1715,3
1716,1
1717,7
1718,8
1719,0
1720,2
1721,8
1722,6
1723,0
1724,4
1725,0
1726,0
1727,1
1728,0
1729,8
1730,4
1731,3
1732,9
1733,3
1734,9
1735,0
1736,5
1737,6
1738,3
1739,1
1740,1
1741,5
1742,8
1743,1
1744,0
1745,5
1746,2
1747,1
1748,0
1749,2
1750,0
1751,1
1752,4
1753,6
1754,7
1755,7
1756,5
1757,6
1758,2
1759,3
1760,0
1761,1
1762,4
1763,2
1764,2
1765,4
1766,6
1767,4
1768,3
1769,8
1770,7
1771,4
1772,9
1773,5
1774,5
1775,3
1776,0
1777,4
1778,8
1779,5
1780,7
1781,6
1782,3
1783,8
1784,1
1785,0
1786,1
1787,5
1788,3
1789,0
1790,4
1791,6
1792,9
1793,5
1794,4
1795,6
1796,0
1797,1
1798,4
1799,4
1800,2
1801,4
1802,2
1803,6
1804,7
1805,8
1806,1
1807,5
1808,9
1809,8
1810,1
1811,1
1812,5
1813,3
1814,8
1815,1
1816,7
1817,4
1818,3
1819,0
1820,8
1821,4
1822,5
1823,7
1824,9
1825,2
1826,8
1827,4
1828,7
1829,9
1830,2
1831,9
1832,6
1833,8
1834,1
1835,2
1836,4
1837,9
1838,6
1839,7
1840,8
1841,9
1842,4
1843,8
1844,9
1845,7
1846,6
1847,5
1848,3
1849,7
1850,1
1851,0
1852,0
1853,9
1854,5
1855,8
1856,8
1857,5
1858,4
1859,2
1860,8
1861,3
1862,7
1863,6
1864,7
1865,7
1866,8
1867,6
1868,2
1869,8
1870,2
1871,3
1872,5
1873,6
1874,8
1875,0
1876,5
1877,3
1878,7
1879,0
1880,1
1881,9
1882,1
1883,6
1884,5
1885,6
1886,3
1887,2
1888,2
1889,9
1890,6
1891,8
1892,6
1893,9
1894,3
1895,2
1896,8
1897,0
1898,0
1899,7
1900,8
1901,5
1902,0
1903,0
1904,1
1905,6
1906,3
1907,1
1908,3
1909,6
1910,4
1911,6
1912,2
1913,9
1914,9
1915,9
1916,9
1917,8
1918,2
1919,4
1920,2
1921,2
1922,5
1923,1
1924,3
1925,1
1926,0
1927,9
1928,4
1929,4
1930,1
1931,6
1932,0
1933,5
1934,0
1935,2
1936,5
1937,1
1938,0
1939,6
1940,5
1941,7
1942,2
1943,8
1944,4
1945,4
1946,8
1947,5
1948,5
1949,0
1950,3
1951,7
1952,4
1953,0
1954,0
1955,2
1956,7
1957,5
1958,6
1959,0
1960,2
1961,7
1962,6
1963,0
1964,3
1965,0
1966,7
1967,7
1968,8
1969,0
1970,9
1971,2
1972,6
1973,0
1974,6
1975,9
1976,8
1977,5
1978,6
1979,3
1980,9
1981,6
1982,6
1983,2
1984,7
1985,6
1986,4
1987,9
1988,5
1989,5
1990,4
1991,1
1992,6
1993,3
1994,9
1995,2
1996,5
1997,9
1998,0
1999,5
2000,6
2001,3
2002,2
2003,5
2004,7
2005,5
2006,7
2007,8
2008,0
2009,1
2010,3
2011,4
2012,5
2013,6
2014,8
2015,4
2016,6
2017,3
2018,3
2019,6
2020,9
2021,8
2022,5
2023,5
2024,6
2025,4
2026,3
2027,9
2028,7
2029,3
2030,4
2031,1
2032,4
2033,4
2034,6
2035,0
2036,3
2037,3
2038,3
2039,8
2040,0
2041,0
2042,1
2043,0
2044,5
2045,1
2046,1
2047,5
2048,8
2049,3
2050,8
2051,3
2052,8
2053,6
2054,5
2055,5
2056,5
2057,5
2058,0
2059,0
2060,3
2061,2
2062,7
2063,1
2064,8
2065,4
2066,2
2067,7
2068,3
2069,9
2070,2
2071,9
2072,6
2073,2
2074,2
2075,4
2076,5
2077,0
2078,6
2079,0
2080,9
2081,3
2082,2
2083,3
2084,7
2085,2
2086,1
2087,0
2088,7
2089,7
2090,2
2091,0
2092,1
2093,6
2094,5
2095,0
2096,7
2097,2
2098,0
2099,1
2100,2
2101,6
2102,0
2103,9
2104,6
2105,6
2106,5
2107,3
2108,3
2109,0
2110,0
2111,9
2112,1
2113,0
2114,2
2115,5
2116,9
2117,7
2118,8
2119,6
2120,0
2121,6
2122,0
2123,2
2124,0
2125,1
2126,1
2127,4
2128,6
2129,9
2130,0
2131,7
2132,1
2133,5
2134,0
2135,8
2136,9
2137,2
2138,6
2139,8
2140,9
2141,7
2142,1
2143,9
2144,3
2145,4
2146,2
2147,7
2148,9
2149,6
2150,9
2151,5
2152,4
2153,8
2154,5
2155,9
2156,8
2157,6
2158,9
2159,3
2160,0
2161,5
2162,5
2163,7
2164,1
2165,7
2166,0
2167,7
2168,4
2169,8
2170,6
2171,5
2172,7
2173,3
2174,9
2175,3
2176,1
2177,9
2178,3
2179,1
2180,4
2181,0
2182,4
2183,4
2184,9
2185,0
2186,9
2187,3
2188,9
2189,2
2190,9
2191,5
2192,0
2193,2
2194,8
2195,2
2196,8
2197,6
2198,1
2199,2
2200,0
2201,5
2202,9
2203,6
2204,9
2205,1
2206,1
2207,3
2208,4
2209,2
2210,2
2211,7
2212,2
2213,2
2214,4
2215,0
2216,3
2217,8
2218,4
2219,5
2220,1
2221,2
2222,6
2223,8
2224,1
2225,7
2226,6
2227,8
2228,7
2229,4
2230,3
2231,5
2232,5
2233,7
2234,7
2235,2
2236,5
2237,6
2238,1
2239,7
2240,9
2241,0
2242,6
2243,2
2244,9
2245,8
2246,9
2247,5
2248,0
2249,0
2250,7
2251,5
2252,3
2253,7
2254,8
2255,1
2256,4
2257,0
2258,1
2259,7
2260,4
2261,3
2262,7
2263,6
2264,0
2265,8
2266,8
2267,6
2268,3
2269,3
2270,4
2271,9
2272,7
2273,5
2274,1
2275,6
2276,1
2277,9
2278,9
2279,9
2280,4
2281,5
2282,9
2283,6
2284,8
2285,5
2286,3
2287,2
2288,2
2289,1
2290,9
2291,5
2292,5
2293,6
2294,1
2295,8
2296,9
2297,7
2298,2
2299,6
2300,9
2301,2
2302,0
2303,2
2304,6
2305,8
2306,3
2307,9
2308,1
2309,2
2310,6
2311,7
2312,2
2313,6
2314,6
2315,8
2316,5
2317,5
2318,2
2319,7
2320,0
2321,2
2322,2
2323,8
2324,0
2325,2
2326,7
2327,0
2328,7
2329,4
2330,0
2331,4
2332,2
2333,6
2334,1
2335,2
2336,9
2337,7
2338,6
2339,4
2340,7
2341,0
2342,5
2343,6
2344,0
2345,1
2346,1
2347,8
2348,0
2349,5
2350,5
2351,1
2352,7
2353,4
2354,8
2355,9
2356,8
2357,1
2358,4
2359,3
2360,7
2361,0
2362,3
2363,1
2364,6
2365,7
2366,9
2367,4
2368,0
2369,1
2370,0
2371,4
2372,5
2373,0
2374,8
2375,0
2376,0
2377,6
2378,1
2379,8
2380,8
2381,1
2382,9
2383,2
2384,5
2385,4
2386,4
2387,9
2388,0
2389,6
2390,1
2391,2
2392,5
2393,9
2394,6
2395,4
2396,7
2397,5
2398,8
2399,8
2400,0
2401,3
2402,9
2403,4
2404,7
2405,6
2406,4
2407,9
2408,2
2409,4
2410,5
2411,0
2412,6
2413,6
2414,5
2415,3
2416,2
2417,7
2418,8
2419,4
2420,8
2421,8
2422,4
2423,6
2424,8
2425,0
2426,2
2427,5
2428,6
2429,8
2430,7
2431,8
2432,9
2433,9
2434,9
2435,2
2436,6
2437,8
2438,1
2439,1
2440,7
2441,4
2442,6
2443,0
2444,3
2445,6
2446,9
2447,6
2448,2
2449,3
2450,1
2451,8
2452,3
2453,4
2454,1
2455,6
2456,8
2457,6
2458,8
2459,5
2460,9
2461,0
2462,1
2463,0
2464,2
2465,9
2466,2
2467,9
2468,0
2469,9
2470,7
2471,8
2472,6
2473,0
2474,6
2475,6
2476,8
2477,1
2478,6
2479,5
2480,8
2481,7
2482,9
2483,7
2484,1
2485,6
2486,4
2487,9
2488,6
2489,3
2490,0
2491,9
2492,8
2493,9
2494,5
2495,8
2496,9
2497,8
2498,3
2499,4
2500,4
2501,4
2502,8
2503,8
2504,1
2505,7
2506,3
2507,0
2508,6
2509,4
2510,4
2511,1
2512,0
2513,2
2514,9
2515,4
2516,2
2517,9
2518,7
2519,4
2520,1
2521,8
2522,1
2523,4
2524,3
2525,9
2526,2
2527,8
2528,9
2529,3
2530,9
2531,5
2532,1
2533,3
2534,9
2535,0
2536,5
2537,1
2538,2
2539,8
2540,2
2541,1
2542,0
2543,6
2544,2
2545,4
2546,8
2547,4
2548,0
2549,6
2550,6
2551,2
2552,9
2553,8
2554,7
2555,7
2556,6
2557,2
2558,4
2559,7
2560,7
2561,6
2562,4
2563,2
2564,2
2565,3
2566,6
2567,4
2568,9
2569,0
2570,3
2571,9
2572,6
2573,5
2574,8
2575,4
2576,2
2577,4
2578,8
2579,8
2580,6
2581,0
2582,5
2583,7
2584,6
2585,3
2586,4
2587,0
2588,4
2589,0
2590,3
2591,8
2592,4
2593,8
2594,0
2595,4
2596,9
2597,2
2598,5
2599,6
2600,8
2601,1
2602,6
2603,1
2604,8
2605,7
2606,3
2607,1
2608,4
2609,5
2610,2
2611,4
2612,3
2613,6
2614,0
2615,7
2616,1
2617,9
2618,5
2619,7
2620,1
2621,8
2622,0
2623,4
2624,8
2625,2
2626,7
2627,7
2628,8
2629,4
2630,2
2631,4
2632,5
2633,3
2634,1
2635,6
2636,1
2637,6
2638,4
2639,6
2640,7
2641,4
2642,6
2643,5
2644,8
2645,1
2646,3
2647,8
2648,4
2649,6
2650,9
2651,5
2652,7
2653,4
2654,5
2655,4
2656,9
2657,7
2658,7
2659,2
2660,6
2661,3
2662,6
2663,5
2664,4
2665,1
2666,6
2667,1
2668,0
2669,6
2670,9
2671,6
2672,0
2673,6
2674,0
2675,0
2676,3
2677,4
2678,0
2679,9
2680,0
2681,0
2682,7
2683,5
2684,3
2685,2
2686,7
2687,8
2688,6
2689,5
2690,2
2691,2
2692,8
2693,9
2694,1
2695,6
2696,2
2697,0
2698,5
2699,4
2700,9
2701,1
2702,6
2703,9
2704,0
2705,8
2706,5
2707,6
2708,7
2709,6
2710,7
2711,5
2712,1
2713,8
2714,9
2715,0
2716,3
2717,0
2718,5
2719,2
2720,3
2721,8
2722,4
2723,4
2724,0
2725,8
2726,5
2727,9
2728,5
2729,6
2730,6
2731,7
2732,7
2733,3
2734,7
2735,2
2736,8
2737,0
2738,4
2739,2
2740,1
2741,6
2742,2
2743,9
2744,9
2745,8
2746,1
2747,3
2748,1
2749,0
2750,5
2751,2
2752,3
2753,7
2754,9
2755,7
2756,9
2757,1
2758,1
2759,3
2760,2
2761,7
2762,4
2763,4
2764,1
2765,9
2766,4
2767,5
2768,5
2769,2
2770,7
2771,7
2772,6
2773,1
2774,0
2775,4
2776,7
2777,5
2778,4
2779,3
2780,7
2781,7
2782,0
2783,0
2784,1
2785,4
2786,4
2787,3
2788,6
2789,9
2790,8
2791,7
2792,0
2793,9
2794,9
2795,3
2796,7
2797,6
2798,5
2799,8
2800,4
2801,5
2802,6
2803,5
2804,3
2805,4
2806,7
2807,9
2808,4
2809,4
2810,7
2811,2
2812,0
2813,1
2814,9
2815,3
2816,7
2817,9
2818,7
2819,1
2820,6
2821,0
2822,5
2823,3
2824,7
2825,6
2826,4
2827,5
2828,4
2829,3
2830,6
2831,1
2832,3
2833,0
2834,4
2835,3
2836,3
2837,8
2838,1
2839,2
2840,3
2841,2
2842,7
2843,1
2844,3
2845,5
2846,6
2847,8
2848,6
2849,6
2850,5
2851,4
2852,2
2853,9
2854,9
2855,2
2856,2
2857,0
2858,4
2859,9
2860,5
2861,5
2862,6
2863,6
2864,5
2865,6
2866,9
2867,5
2868,9
2869,0
2870,8
2871,5
2872,1
2873,1
2874,8
2875,1
2876,9
2877,0
2878,3
2879,0
2880,4
2881,7
2882,7
2883,2
2884,6
2885,5
2886,6
2887,9
2888,7
2889,7
2890,5
2891,7
2892,0
2893,8
2894,6
2895,5
2896,8
2897,3
2898,8
2899,9
2900,1
2901,2
2902,9
2903,2
2904,7
2905,4
2906,1
2907,9
2908,7
2909,0
2910,0
2911,1
2912,4
2913,0
2914,6
2915,5
2916,1
2917,4
2918,2
2919,8
2920,2
2921,8
2922,3
2923,5
2924,1
2925,4
2926,9
2927,8
2928,1
2929,1
2930,0
2931,9
2932,9
2933,4
2934,6
2935,8
2936,5
2937,5
2938,6
2939,2
2940,3
2941,8
2942,5
2943,1
2944,9
2945,7
2946,9
2947,1
2948,8
2949,3
2950,1
2951,0
2952,3
2953,8
2954,9
2955,2
2956,0
2957,8
2958,8
2959,0
2960,9
2961,4
2962,8
2963,3
2964,0
2965,7
2966,0
2967,7
2968,0
2969,5
2970,5
2971,4
2972,3
2973,0
2974,9
2975,9
2976,0
2977,6
2978,2
2979,0
2980,8
2981,2
2982,4
2983,5
2984,2
2985,0
2986,8
2987,5
2988,5
2989,5
2990,4
2991,7
2992,4
2993,0
2994,8
2995,4
2996,8
2997,5
2998,5
2999,6
3000,5
3001,1
3002,7
3003,2
3004,4
3005,8
3006,5
3007,6
3008,8
3009,7
3010,6
3011,3
3012,1
3013,5
3014,6
3015,6
3016,2
3017,5
3018,5
3019,5
3020,1
3021,8
3022,7
3023,0
3024,0
3025,2
3026,7
3027,1
3028,1
3029,9
3030,6
3031,7
3032,7
3033,1
3034,2
3035,3
3036,9
3037,8
3038,3
3039,1
3040,7
3041,4
3042,8
3043,4
3044,7
3045,5
3046,8
3047,6
3048,0
3049,6
3050,0
3051,6
3052,2
3053,6
3054,0
3055,9
3056,4
3057,6
3058,1
3059,3
3060,7
3061,0
3062,9
3063,0
3064,1
3065,3
3066,1
3067,3
3068,2
3069,3
3070,0
3071,7
3072,1
3073,3
3074,1
3075,6
3076,2
3077,1
3078,8
3079,9
3080,1
3081,9
3082,7
3083,5
3084,4
3085,2
3086,9
3087,0
3088,6
3089,8
3090,4
3091,1
3092,5
3093,7
3094,0
3095,6
3096,7
3097,0
3098,2
3099,9
3100,0
3101,7
3102,0
3103,6
3104,7
3105,5
3106,8
3107,3
3108,8
3109,8
3110,3
3111,0
3112,0
3113,3
3114,0
3115,5
3116,7
3117,0
3118,6
3119,4
3120,4
3121,9
3122,1
3123,8
3124,6
3125,3
3126,9
3127,4
3128,9
3129,3
3130,7
3131,7
3132,5
3133,9
3134,7
3135,5
3136,4
3137,5
3138,8
3139,2
3140,8
3141,9
3142,5
3143,3
3144,1
3145,9
3146,6
3147,2
3148,0
3149,1
3150,9
3151,8
3152,1
3153,1
3154,0
3155,8
3156,9
3157,9
3158,0
3159,2
3160,6
3161,9
3162,1
3163,9
3164,2
3165,1
3166,9
3167,2
3168,8
3169,9
3170,9
3171,9
3172,9
3173,9
3174,2
3175,1
3176,7
3177,0
3178,5
3179,6
3180,3
3181,9
3182,8
3183,3
3184,0
3185,6
3186,7
3187,7
3188,4
3189,8
3190,3
3191,8
3192,4
3193,2
3194,3
3195,5
3196,5
3197,6
3198,6
3199,6
3200,5
3201,5
3202,8
3203,4
3204,7
3205,8
3206,1
3207,1
3208,9
3209,6
3210,9
3211,9
3212,6
3213,9
3214,6
3215,1
3216,5
3217,7
3218,9
3219,0
3220,9
3221,5
3222,7
3223,7
3224,6
3225,9
3226,8
3227,2
3228,3
3229,1
3230,5
3231,3
3232,2
3233,8
3234,3
3235,5
3236,5
3237,9
3238,6
3239,1
3240,2
3241,7
3242,4
3243,8
3244,7
3245,7
3246,3
3247,3
3248,0
3249,3
3250,2
3251,5
3252,4
3253,9
3254,3
3255,5
3256,4
3257,6
3258,0
3259,3
3260,7
3261,0
3262,6
3263,1
3264,5
3265,8
3266,7
3267,5
3268,5
3269,7
3270,8
3271,5
3272,7
3273,8
3274,1
3275,4
3276,4
3277,7
3278,2
3279,8
3280,5
3281,2
3282,9
3283,7
3284,4
3285,1
3286,6
3287,5
3288,9
3289,8
3290,5
3291,5
3292,4
3293,1
3294,0
3295,9
3296,4
3297,5
3298,3
3299,4
3300,5
3301,0
3302,0
3303,8
3304,2
3305,9
3306,7
3307,9
3308,7
3309,7
3310,6
3311,3
3312,9
3313,2
3314,9
3315,3
3316,7
3317,7
3318,8
3319,2
3320,2
3321,0
3322,2
3323,5
3324,6
3325,5
3326,4
3327,3
3328,5
3329,5
3330,7
3331,8
3332,7
3333,2
3334,5
3335,8
3336,9
3337,7
3338,0
3339,9
3340,6
3341,1
3342,8
3343,5
3344,9
3345,7
3346,5
3347,9
3348,1
3349,6
3350,8
3351,1
3352,3
3353,3
3354,5
3355,5
3356,4
3357,8
3358,9
3359,6
3360,6
3361,7
3362,1
3363,2
3364,4
3365,9
3366,8
3367,7
3368,9
3369,3
3370,1
3371,2
3372,1
3373,6
3374,6
3375,4
3376,3
3377,7
3378,4
3379,5
3380,8
3381,8
3382,4
3383,8
3384,7
3385,8
3386,2
3387,3
3388,6
3389,1
3390,3
3391,3
3392,1
3393,5
3394,1
3395,9
3396,0
3397,9
3398,2
3399,0
3400,2
3401,2
3402,6
3403,8
3404,6
3405,7
3406,6
3407,1
3408,2
3409,9
3410,4
3411,5
3412,0
3413,3
3414,3
3415,7
3416,8
3417,4
3418,9
3419,4
3420,5
3421,9
3422,2
3423,8
3424,5
3425,0
3426,0
3427,6
3428,2
3429,0
3430,8
3431,4
3432,5
3433,5
3434,3
3435,6
3436,7
3437,7
3438,9
3439,3
3440,3
3441,0
3442,5
3443,2
3444,2
3445,0
3446,3
3447,4
3448,6
3449,1
3450,1
3451,6
3452,5
3453,2
3454,2
3455,3
3456,3
3457,4
3458,5
3459,0
3460,1
3461,7
3462,2
3463,9
3464,9
3465,6
3466,5
3467,0
3468,2
3469,9
3470,5
3471,1
3472,7
3473,2
3474,4
3475,0
3476,8
3477,6
3478,4
3479,3
3480,2
3481,5
3482,7
3483,0
3484,4
3485,1
3486,6
3487,5
3488,1
3489,3
3490,0
3491,5
3492,9
3493,0
3494,5
3495,7
3496,5
3497,1
3498,5
3499,0
3500,9
3501,1
3502,8
3503,4
3504,9
3505,2
3506,6
3507,4
3508,3
3509,5
3510,4
3511,0
3512,4
3513,6
3514,5
3515,8
3516,9
3517,1
3518,3
3519,8
3520,1
3521,8
3522,2
3523,4
3524,5
3525,2
3526,4
3527,1
3528,1
3529,6
3530,6
3531,8
3532,5
3533,2
3534,0
3535,5
3536,0
3537,8
3538,2
3539,3
3540,6
3541,2
3542,9
3543,6
3544,1
3545,4
3546,5
3547,9
3548,0
3549,1
3550,4
3551,0
3552,8
3553,1
3554,9
3555,6
3556,6
3557,9
3558,5
3559,2
3560,9
3561,7
3562,8
3563,6
3564,9
3565,1
3566,7
3567,6
3568,0
3569,6
3570,5
3571,3
3572,3
3573,2
3574,3
3575,3
3576,2
3577,9
3578,7
3579,1
3580,4
3581,6
3582,6
3583,1
3584,3
3585,8
3586,8
3587,1
3588,6
3589,7
3590,7
3591,6
3592,7
3593,2
3594,5
3595,7
3596,4
3597,6
3598,2
3599,7
3600,2
3601,0
3602,5
3603,6
3604,2
3605,6
3606,3
3607,2
3608,9
3609,9
3610,5
3611,1
3612,1
3613,5
3614,3
3615,0
3616,5
3617,3
3618,2
3619,0
3620,0
3621,4
3622,9
3623,5
3624,4
3625,8
3626,9
3627,3
3628,3
3629,1
3630,8
3631,5
3632,1
3633,5
3634,3
3635,4
3636,2
3637,2
3638,9
3639,7
3640,6
3641,8
3642,1
3643,8
3644,9
3645,1
3646,3
3647,1
3648,7
3649,3
3650,0
3651,0
3652,2
3653,0
3654,9
3655,9
3656,2
3657,6
3658,4
3659,6
3660,0
3661,1
3662,6
3663,1
3664,6
3665,7
3666,5
3667,5
3668,6
3669,5
3670,9
3671,4
3672,0
3673,0
3674,4
3675,4
3676,9
3677,5
3678,1
3679,0
3680,0
3681,2
3682,6
3683,8
3684,9
3685,2
3686,8
3687,9
3688,5
3689,7
3690,9
3691,1
3692,4
3693,6
3694,2
3695,8
3696,5
3697,2
3698,8
3699,9
3700,3
3701,1
3702,1
3703,6
3704,5
3705,8
3706,4
3707,6
3708,4
3709,7
3710,2
3711,6
3712,4
3713,2
3714,5
3715,1
3716,6
3717,6
3718,8
3719,5
3720,0
3721,0
3722,7
3723,1
3724,6
3725,2
3726,3
3727,9
3728,7
3729,8
3730,1
3731,9
3732,9
3733,8
3734,7
3735,5
3736,0
3737,2
3738,9
3739,7
3740,0
3741,2
3742,9
3743,5
3744,4
3745,1
3746,6
3747,9
3748,5
3749,8
3750,9
3751,7
3752,9
3753,6
3754,0
3755,9
3756,7
3757,2
3758,2
3759,4
3760,7
3761,0
3762,9
3763,8
3764,1
3765,0
3766,0
3767,6
3768,1
3769,9
3770,9
3771,4
3772,8
3773,2
3774,5
3775,6
3776,9
3777,7
3778,4
3779,2
3780,4
3781,5
3782,0
3783,2
3784,5
3785,6
3786,4
3787,4
3788,7
3789,1
3790,4
3791,4
3792,0
3793,6
3794,1
3795,7
3796,1
3797,6
3798,5
3799,3
3800,9
3801,2
3802,7
3803,8
3804,5
3805,9
3806,2
3807,8
3808,3
3809,4
3810,5
3811,7
3812,9
3813,8
3814,1
3815,2
3816,2
3817,8
3818,9
3819,5
3820,0
3821,8
3822,7
3823,0
3824,2
3825,8
3826,1
3827,4
3828,0
3829,0
3830,3
3831,5
3832,7
3833,9
3834,1
3835,8
3836,7
3837,9
3838,1
3839,5
3840,6
3841,9
3842,8
3843,7
3844,4
3845,0
3846,9
3847,0
3848,8
3849,4
3850,9
3851,6
3852,2
3853,9
3854,8
3855,1
3856,9
3857,1
3858,8
3859,6
3860,7
3861,6
3862,4
3863,0
3864,9
3865,7
3866,0
3867,5
3868,4
3869,8
3870,8
3871,8
3872,7
3873,9
3874,6
3875,0
3876,7
3877,4
3878,7
3879,7
3880,6
3881,7
3882,9
3883,4
3884,3
3885,6
3886,8
3887,2
3888,6
3889,6
3890,7
3891,1
3892,5
3893,9
3894,7
3895,8
3896,5
3897,0
3898,1
3899,6
3900,3
3901,3
3902,1
3903,0
3904,1
3905,2
3906,5
3907,2
3908,2
3909,8
3910,5
3911,9
3912,8
3913,7
3914,4
3915,2
3916,9
3917,7
3918,6
3919,7
3920,7
3921,1
3922,2
3923,5
3924,5
3925,1
3926,9
3927,0
3928,6
3929,3
3930,1
3931,5
3932,6
3933,6
3934,2
3935,7
3936,6
3937,8
3938,8
3939,9
3940,6
3941,6
3942,1
3943,0
3944,7
3945,6
3946,8
3947,2
3948,1
3949,5
3950,8
3951,1
3952,4
3953,8
3954,3
3955,0
3956,8
3957,0
3958,9
3959,9
3960,2
3961,8
3962,7
3963,1
3964,1
3965,8
3966,4
3967,6
3968,1
3969,1
3970,9
3971,0
3972,7
3973,9
3974,8
3975,7
3976,1
3977,6
3978,2
3979,9
3980,9
3981,5
3982,9
3983,7
3984,6
3985,7
3986,7
3987,1
3988,9
3989,2
3990,4
3991,2
3992,0
3993,6
3994,8
3995,7
3996,6
3997,2
3998,5
3999,9
4000,0
4001,2
4002,7
4003,0
4004,0
4005,5
4006,8
4007,6
4008,8
4009,2
4010,7
4011,7
4012,5
4013,1
4014,8
4015,1
4016,6
4017,5
4018,9
4019,7
4020,8
4021,9
4022,6
4023,5
4024,8
4025,1
4026,9
4027,4
4028,0
4029,4
4030,1
4031,4
4032,3
4033,6
4034,2
4035,2
4036,0
4037,0
4038,0
4039,7
4040,0
4041,2
4042,4
4043,3
4044,6
4045,7
4046,7
4047,4
4048,5
4049,4
4050,3
4051,3
4052,5
4053,4
4054,0
4055,2
4056,0
4057,7
4058,3
4059,1
4060,6
4061,5
4062,0
4063,7
4064,7
4065,4
4066,6
4067,1
4068,8
4069,5
4070,9
4071,3
4072,5
4073,6
4074,2
4075,2
4076,7
4077,5
4078,5
4079,8
4080,1
4081,9
4082,6
4083,8
4084,7
4085,8
4086,8
4087,5
4088,7
4089,7
4090,4
4091,9
4092,7
4093,3
4094,5
4095,8
4096,8
4097,3
4098,9
4099,4
4100,7
4101,2
4102,0
4103,8
4104,0
4105,7
4106,0
4107,3
4108,6
4109,5
4110,2
4111,0
4112,5
4113,0
4114,5
4115,8
4116,6
4117,3
4118,0
4119,6
4120,0
4121,5
4122,6
4123,0
4124,8
4125,0
4126,0
4127,6
4128,1
4129,1
4130,6
4131,1
4132,4
4133,2
4134,1
4135,8
4136,2
4137,6
4138,4
4139,7
4140,3
4141,8
4142,8
4143,5
4144,1
4145,8
4146,2
4147,2
4148,3
4149,9
4150,6
4151,6
4152,5
4153,0
4154,7
4155,9
4156,3
4157,2
4158,7
4159,4
4160,5
4161,6
4162,0
4163,6
4164,1
4165,8
4166,3
4167,0
4168,9
4169,3
4170,9
4171,0
4172,5
4173,4
4174,0
4175,3
4176,3
4177,6
4178,7
4179,6
4180,0
4181,0
4182,5
4183,7
4184,4
4185,7
4186,7
4187,0
4188,6
4189,1
4190,4
4191,9
4192,0
4193,0
4194,0
4195,3
4196,8
4197,6
4198,8
4199,8
4200,4
4201,1
4202,0
4203,2
4204,6
4205,4
4206,1
4207,1
4208,4
4209,4
4210,9
4211,4
4212,1
4213,4
4214,7
4215,1
4216,0
4217,0
4218,9
4219,0
4220,8
4221,0
4222,8
4223,8
4224,5
4225,5
4226,0
4227,4
4228,0
4229,8
4230,6
4231,2
4232,5
4233,9
4234,2
4235,9
4236,1
4237,1
4238,2
4239,4
4240,7
4241,5
4242,8
4243,6
4244,7
4245,1
4246,5
4247,3
4248,5
4249,2
4250,1
4251,8
4252,9
4253,9
4254,8
4255,7
4256,8
4257,6
4258,8
4259,5
4260,8
4261,9
4262,3
4263,6
4264,3
4265,6
4266,3
4267,7
4268,4
4269,0
4270,0
4271,1
4272,7
4273,6
4274,1
4275,5
4276,1
4277,3
4278,1
4279,6
4280,8
4281,7
4282,3
4283,6
4284,9
4285,6
4286,0
4287,0
4288,1
4289,7
4290,2
4291,6
4292,1
4293,1
4294,0
4295,0
4296,1
4297,9
4298,1
4299,2
4300,8
4301,6
4302,5
4303,5
4304,6
4305,0
4306,3
4307,2
4308,0
4309,3
4310,4
4311,7
4312,5
4313,0
4314,1
4315,6
4316,8
4317,8
4318,1
4319,2
4320,8
4321,5
4322,7
4323,5
4324,9
4325,6
4326,7
4327,1
4328,0
4329,6
4330,9
4331,4
4332,7
4333,9
4334,7
4335,9
4336,9
4337,1
4338,9
4339,7
4340,0
4341,1
4342,3
4343,7
4344,4
4345,6
4346,3
4347,8
4348,8
4349,0
4350,4
4351,8
4352,9
4353,6
4354,7
4355,0
4356,0
4357,4
4358,5
4359,2
4360,6
4361,8
4362,4
4363,9
4364,9
4365,9
4366,2
4367,0
4368,3
4369,2
4370,8
4371,1
4372,1
4373,0
4374,0
4375,3
4376,7
4377,4
4378,1
4379,1
4380,9
4381,7
4382,7
4383,6
4384,6
4385,8
4386,6
4387,0
4388,2
4389,8
4390,5
4391,2
4392,2
4393,9
4394,5
4395,7
4396,9
4397,8
4398,4
4399,4
4400,5
4401,1
4402,4
4403,8
4404,7
4405,6
4406,5
4407,3
4408,4
4409,8
4410,9
4411,6
4412,7
4413,6
4414,3
4415,0
4416,2
4417,9
4418,9
4419,0
4420,7
4421,3
4422,3
4423,3
4424,1
4425,1
4426,0
4427,4
4428,8
4429,2
4430,1
4431,1
4432,2
4433,5
4434,2
4435,3
4436,4
4437,1
4438,2
4439,9
4440,2
4441,1
4442,3
4443,4
4444,8
4445,9
4446,1
4447,3
4448,7
4449,9
4450,0
4451,2
4452,2
4453,0
4454,6
4455,8
4456,7
4457,3
4458,3
4459,8
4460,9
4461,0
4462,2
4463,3
4464,3
4465,6
4466,1
4467,3
4468,9
4469,5
4470,9
4471,5
4472,4
4473,4
4474,0
4475,1
4476,5
4477,5
4478,1
4479,7
4480,9
4481,1
4482,6
4483,6
4484,4
4485,7
4486,1
4487,2
4488,4
4489,7
4490,0
4491,2
4492,8
4493,4
4494,8
4495,3
4496,8
4497,8
4498,8
4499,1
4500,3
4501,5
4502,7
4503,4
4504,6
4505,4
4506,1
4507,5
4508,9
4509,7
4510,0
4511,6
4512,0
4513,1
4514,9
4515,0
4516,1
4517,8
4518,9
4519,3
4520,6
4521,1
4522,2
4523,2
4524,4
4525,0
4526,3
4527,5
4528,4
4529,4
4530,5
4531,1
4532,1
4533,8
4534,2
4535,2
4536,9
4537,3
4538,7
4539,8
4540,9
4541,2
4542,2
4543,1
4544,7
4545,6
4546,0
4547,4
4548,8
4549,1
4550,1
4551,5
4552,5
4553,4
4554,4
4555,3
4556,4
4557,0
4558,0
4559,6
4560,1
4561,5
4562,3
4563,7
4564,4
4565,2
4566,0
4567,4
4568,8
4569,9
4570,9
4571,4
4572,2
4573,4
4574,6
4575,6
4576,4
4577,6
4578,4
4579,6
4580,6
4581,0
4582,8
4583,7
4584,4
4585,8
4586,0
4587,5
4588,9
4589,3
4590,2
4591,0
4592,7
4593,5
4594,1
4595,9
4596,5
4597,9
4598,1
4599,1
4600,7
4601,2
4602,1
4603,6
4604,4
4605,7
4606,0
4607,1
4608,7
4609,8
4610,6
4611,1
4612,2
4613,1
4614,4
4615,4
4616,5
4617,3
4618,3
4619,9
4620,3
4621,8
4622,2
4623,5
4624,3
4625,4
4626,5
4627,3
4628,5
4629,7
4630,3
4631,5
4632,4
4633,1
4634,7
4635,7
4636,8
4637,3
4638,6
4639,0
4640,2
4641,5
4642,5
4643,5
4644,7
4645,4
4646,5
4647,1
4648,6
4649,8
4650,6
4651,8
4652,3
4653,2
4654,7
4655,5
4656,0
4657,7
4658,1
4659,4
4660,6
4661,3
4662,6
4663,1
4664,7
4665,3
4666,0
4667,0
4668,6
4669,6
4670,8
4671,6
4672,6
4673,0
4674,4
4675,4
4676,7
4677,4
4678,9
4679,4
4680,9
4681,9
4682,5
4683,4
4684,1
4685,4
4686,8
4687,8
4688,7
4689,1
4690,2
4691,2
4692,0
4693,4
4694,7
4695,8
4696,5
4697,5
4698,6
4699,4
4700,6
4701,0
4702,6
4703,8
4704,9
4705,5
4706,2
4707,4
4708,3
4709,9
4710,5
4711,9
4712,4
4713,1
4714,6
4715,9
4716,9
4717,3
4718,3
4719,9
4720,8
4721,1
4722,6
4723,9
4724,2
4725,1
4726,0
4727,9
4728,7
4729,2
4730,2
4731,5
4732,6
4733,6
4734,4
4735,8
4736,1
4737,9
4738,5
4739,6
4740,3
4741,9
4742,8
4743,6
4744,0
4745,7
4746,6
4747,5
4748,1
4749,8
4750,8
4751,6
4752,1
4753,5
4754,0
4755,1
4756,6
4757,7
4758,9
4759,0
4760,0
4761,9
4762,1
4763,0
4764,5
4765,3
4766,1
4767,6
4768,9
4769,8
4770,9
4771,0
4772,6
4773,1
4774,6
4775,3
4776,3
4777,5
4778,6
4779,9
4780,6
4781,7
4782,2
4783,4
4784,8
4785,3
4786,0
4787,8
4788,6
4789,9
4790,9
4791,9
4792,0
4793,6
4794,2
4795,3
4796,9
4797,5
4798,4
4799,1
4800,9
4801,2
4802,0
4803,7
4804,3
4805,5
4806,1
4807,8
4808,3
4809,0
4810,5
4811,2
4812,8
4813,8
4814,0
4815,8
4816,6
4817,0
4818,3
4819,5
4820,5
4821,4
4822,1
4823,3
4824,0
4825,5
4826,1
4827,9
4828,4
4829,6
4830,3
4831,1
4832,4
4833,2
4834,4
4835,9
4836,9
4837,7
4838,1
4839,7
4840,0
4841,1
4842,0
4843,1
4844,5
4845,3
4846,8
4847,4
4848,1
4849,1
4850,1
4851,9
4852,0
4853,7
4854,0
4855,1
4856,7
4857,6
4858,0
4859,6
4860,5
4861,0
4862,2
4863,1
4864,3
4865,9
4866,9
4867,9
4868,0
4869,8
4870,8
4871,5
4872,9
4873,2
4874,9
4875,1
4876,6
4877,6
4878,7
4879,6
4880,7
4881,8
4882,6
4883,2
4884,7
4885,2
4886,3
4887,5
4888,5
4889,4
4890,1
4891,6
4892,4
4893,1
4894,6
4895,1
4896,7
4897,0
4898,6
4899,2
4900,3
4901,0
4902,4
4903,2
4904,9
4905,7
4906,3
4907,2
4908,6
4909,0
4910,9
4911,8
4912,1
4913,1
4914,3
4915,5
4916,6
4917,5
4918,3
4919,8
4920,7
4921,5
4922,0
4923,7
4924,7
4925,5
4926,3
4927,1
4928,9
4929,9
4930,1
4931,1
4932,9
4933,2
4934,5
4935,5
4936,3
4937,0
4938,3
4939,0
4940,6
4941,6
4942,0
4943,6
4944,8
4945,9
4946,4
4947,3
4948,1
4949,1
4950,2
4951,7
4952,9
4953,0
4954,1
4955,8
4956,5
4957,4
4958,4
4959,7
4960,4
4961,8
4962,3
4963,3
4964,2
4965,4
4966,5
4967,9
4968,0
4969,1
4970,2
4971,9
4972,9
4973,1
4974,7
4975,3
4976,5
4977,9
4978,1
4979,9
4980,9
4981,1
4982,3
4983,3
4984,3
4985,4
4986,9
4987,3
4988,5
4989,6
4990,5
4991,0
4992,1
4993,3
4994,7
4995,2
4996,5
4997,3
4998,6
4999,1
5000,7
5001,6
5002,8
5003,4
5004,4
5005,5
5006,4
5007,4
5008,4
5009,2
5010,7
5011,6
5012,6
5013,0
5014,7
5015,2
5016,6
5017,7
5018,2
5019,1
5020,8
5021,0
5022,2
5023,2
5024,1
5025,5
5026,4
5027,0
5028,9
5029,6
5030,4
5031,4
5032,2
5033,5
5034,0
5035,5
5036,0
5037,0
5038,4
5039,6
5040,7
5041,9
5042,2
5043,0
5044,5
5045,7
5046,3
5047,5
5048,9
5049,7
5050,3
5051,1
5052,6
5053,9
5054,9
5055,0
5056,9
5057,2
5058,1
5059,4
5060,6
5061,1
5062,5
5063,9
5064,5
5065,0
5066,3
5067,9
5068,3
5069,9
5070,3
5071,3
5072,6
5073,8
5074,8
5075,6
5076,5
5077,0
5078,8
5079,1
5080,7
5081,8
5082,6
5083,9
5084,5
5085,6
5086,2
5087,9
5088,0
5089,6
5090,1
5091,0
5092,9
5093,0
5094,9
5095,8
5096,7
5097,7
5098,2
5099,8
5100,3
5101,5
5102,5
5103,7
5104,8
5105,7
5106,3
5107,9
5108,1
5109,9
5110,8
5111,6
5112,5
5113,6
5114,7
5115,5
5116,6
5117,3
5118,2
5119,0
5120,9
5121,6
5122,6
5123,7
5124,0
5125,1
5126,0
5127,1
5128,3
5129,2
5130,6
5131,6
5132,1
5133,2
5134,6
5135,1
5136,9
5137,9
5138,8
5139,6
5140,8
5141,3
5142,8
5143,9
5144,0
5145,4
5146,0
5147,3
5148,5
5149,6
5150,4
5151,9
5152,9
5153,7
5154,2
5155,5
5156,5
5157,6
5158,4
5159,6
5160,0
5161,3
5162,7
5163,3
5164,0
5165,2
5166,3
5167,5
5168,7
5169,2
5170,9
5171,2
5172,5
5173,0
5174,6
5175,6
5176,9
5177,6
5178,5
5179,5
5180,9
5181,1
5182,9
5183,6
5184,3
5185,2
5186,3
5187,5
5188,8
5189,0
5190,0
5191,3
5192,9
5193,6
5194,7
5195,7
5196,2
5197,8
5198,7
5199,6
5200,5
5201,1
5202,9
5203,6
5204,3
5205,8
5206,5
5207,8
5208,4
5209,7
5210,3
5211,4
5212,9
5213,3
5214,1
5215,1
5216,6
5217,1
5218,3
5219,2
5220,0
5221,7
5222,5
5223,0
5224,3
5225,0
5226,1
5227,6
5228,3
5229,3
5230,8
5231,4
5232,5
5233,1
5234,7
5235,3
5236,0
5237,4
5238,0
5239,4
5240,1
5241,6
5242,0
5243,1
5244,2
5245,1
5246,7
5247,7
5248,9
5249,8
5250,7
5251,3
5252,4
5253,0
5254,9
5255,0
5256,0
5257,8
5258,2
5259,0
5260,0
5261,9
5262,4
5263,8
5264,6
5265,2
5266,4
5267,6
5268,3
5269,6
5270,1
5271,5
5272,5
5273,7
5274,6
5275,2
5276,9
5277,8
5278,0
5279,1
5280,0
5281,4
5282,4
5283,4
5284,6
5285,1
5286,6
5287,3
5288,4
5289,2
5290,3
5291,9
5292,7
5293,0
5294,8
5295,0
5296,4
5297,6
5298,5
5299,7
5300,9
5301,7
5302,0
5303,5
5304,7
5305,7
5306,3
5307,1
5308,9
5309,5
5310,0
5311,9
5312,5
5313,3
5314,7
5315,9
5316,4
5317,4
5318,1
5319,7
5320,6
5321,1
5322,4
5323,1
5324,9
5325,8
5326,7
5327,0
5328,0
5329,4
5330,7
5331,2
5332,9
5333,7
5334,6
5335,9
5336,3
5337,5
5338,0
5339,0
5340,7
5341,6
5342,8
5343,3
5344,6
5345,4
5346,7
5347,1
5348,1
5349,3
5350,1
5351,7
5352,8
5353,1
5354,0
5355,8
5356,7
5357,0
5358,1
5359,6
5360,9
5361,3
5362,2
5363,7
5364,7
5365,9
5366,9
5367,0
5368,3
5369,4
5370,6
5371,7
5372,5
5373,2
5374,0
5375,1
5376,8
5377,3
5378,0
5379,4
5380,1
5381,3
5382,0
5383,8
5384,6
5385,3
5386,1
5387,6
5388,3
5389,4
5390,1
5391,9
5392,0
5393,4
5394,1
5395,0
5396,1
5397,9
5398,0
5399,6
5400,0
5401,2
5402,4
5403,7
5404,4
5405,0
5406,7
5407,7
5408,1
5409,1
5410,7
5411,6
5412,6
5413,5
5414,4
5415,4
5416,1
5417,3
5418,8
5419,2
5420,6
5421,6
5422,1
5423,6
5424,3
5425,6
5426,5
5427,8
5428,4
5429,6
5430,7
5431,1
5432,9
5433,5
5434,6
5435,7
5436,6
5437,0
5438,7
5439,1
5440,9
5441,5
5442,6
5443,6
5444,7
5445,7
5446,5
5447,5
5448,9
5449,1
5450,3
5451,6
5452,0
5453,2
5454,2
5455,3
5456,1
5457,8
5458,6
5459,6
5460,0
5461,0
5462,0
5463,5
5464,7
5465,7
5466,3
5467,3
5468,5
5469,5
5470,1
5471,6
5472,1
5473,5
5474,1
5475,0
5476,6
5477,2
5478,3
5479,0
5480,1
5481,7
5482,5
5483,9
5484,9
5485,8
5486,3
5487,7
5488,9
5489,7
5490,3
5491,0
5492,2
5493,3
5494,9
5495,4
5496,4
5497,5
5498,9
5499,6
5500,8
5501,6
5502,6
5503,8
5504,5
5505,6
5506,4
5507,6
5508,5
5509,7
5510,4
5511,6
5512,9
5513,6
5514,2
5515,8
5516,0
5517,1
5518,3
5519,6
5520,6
5521,9
5522,3
5523,6
5524,0
5525,0
5526,8
5527,7
5528,5
5529,9
5530,3
5531,8
5532,3
5533,2
5534,6
5535,9
5536,6
5537,2
5538,7
5539,4
5540,2
5541,7
5542,9
5543,0
5544,0
5545,6
5546,7
5547,2
5548,0
5549,3
5550,5
5551,7
5552,5
5553,5
5554,9
5555,4
5556,6
5557,5
5558,5
5559,2
5560,5
5561,6
5562,2
5563,6
5564,6
5565,1
5566,1
5567,6
5568,7
5569,0
5570,5
5571,1
5572,1
5573,3
5574,7
5575,3
5576,5
5577,2
5578,6
5579,9
5580,5
5581,6
5582,3
5583,0
5584,0
5585,0
5586,8
5587,0
5588,3
5589,6
5590,4
5591,9
5592,7
5593,7
5594,0
5595,6
5596,9
5597,3
5598,1
5599,2
5600,4
5601,7
5602,4
5603,5
5604,1
5605,3
5606,7
5607,1
5608,9
5609,7
5610,8
5611,1
5612,8
5613,3
5614,8
5615,5
5616,6
5617,5
5618,0
5619,8
5620,6
5621,8
5622,1
5623,8
5624,1
5625,5
5626,0
5627,9
5628,1
5629,6
5630,5
5631,3
5632,9
5633,7
5634,5
5635,7
5636,4
5637,7
5638,6
5639,2
5640,3
5641,4
5642,7
5643,5
5644,7
5645,3
5646,4
5647,3
5648,8
5649,0
5650,5
5651,4
5652,0
5653,3
5654,4
5655,3
5656,9
5657,2
5658,2
5659,4
5660,9
5661,4
5662,9
5663,8
5664,6
5665,0
5666,6
5667,1
5668,7
5669,0
5670,4
5671,2
5672,8
5673,5
5674,9
5675,7
5676,6
5677,7
5678,1
5679,0
5680,2
5681,6
5682,0
5683,6
5684,7
5685,1
5686,6
5687,0
5688,8
5689,3
5690,5
5691,2
5692,5
5693,7
5694,5
5695,7
5696,7
5697,1
5698,7
5699,4
5700,3
5701,5
5702,4
5703,0
5704,4
5705,6
5706,7
5707,0
5708,2
5709,2
5710,6
5711,6
5712,2
5713,5
5714,2
5715,6
5716,0
5717,6
5718,0
5719,2
5720,9
5721,0
5722,0
5723,1
5724,5
5725,3
5726,1
5727,6
5728,7
5729,9
5730,9
5731,6
5732,1
5733,3
5734,2
5735,0
5736,9
5737,9
5738,2
5739,2
5740,6
5741,9
5742,4
5743,6
5744,2
5745,5
5746,7
5747,0
5748,8
5749,3
5750,6
5751,4
5752,1
5753,2
5754,3
5755,4
5756,2
5757,4
5758,8
5759,9
5760,2
5761,6
5762,0
5763,9
5764,7
5765,9
5766,0
5767,7
5768,7
5769,3
5770,8
5771,2
5772,9
5773,6
5774,3
5775,7
5776,5
5777,8
5778,7
5779,6
5780,7
5781,1
5782,7
5783,0
5784,6
5785,2
5786,4
5787,0
5788,0
5789,2
5790,9
5791,8
5792,2
5793,8
5794,7
5795,7
5796,3
5797,5
5798,0
5799,1
5800,6
5801,9
5802,6
5803,1
5804,0
5805,1
5806,8
5807,6
5808,9
5809,0
5810,5
5811,3
5812,3
5813,4
5814,8
5815,3
5816,5
5817,3
5818,7
5819,2
5820,3
5821,8
5822,2
5823,5
5824,9
5825,3
5826,7
5827,0
5828,5
5829,4
5830,3
5831,1
5832,6
5833,0
5834,5
5835,3
5836,8
5837,3
5838,4
5839,2
5840,5
5841,6
5842,7
5843,6
5844,0
5845,5
5846,5
5847,8
5848,4
5849,1
5850,6
5851,1
5852,3
5853,3
5854,0
5855,7
5856,5
5857,0
5858,7
5859,2
5860,0
5861,1
5862,2
5863,4
5864,9
5865,6
5866,4
5867,5
5868,9
5869,7
5870,4
5871,5
5872,7
5873,5
5874,6
5875,1
5876,6
5877,9
5878,5
5879,8
5880,0
5881,5
5882,9
5883,6
5884,4
5885,4
5886,4
5887,1
5888,4
5889,6
5890,3
5891,0
5892,8
5893,9
5894,7
5895,6
5896,9
5897,4
5898,8
5899,1
5900,0
5901,5
5902,9
5903,5
5904,7
5905,9
5906,4
5907,5
5908,6
5909,1
5910,3
5911,6
5912,3
5913,7
5914,1
5915,5
5916,9
5917,2
5918,1
5919,4
5920,8
5921,7
5922,7
5923,1
5924,6
5925,3
5926,0
5927,6
5928,7
5929,7
5930,4
5931,4
5932,6
5933,2
5934,9
5935,6
5936,6
5937,1
5938,9
5939,9
5940,2
5941,9
5942,4
5943,3
5944,2
5945,9
5946,8
5947,5
5948,0
5949,6
5950,9
5951,0
5952,9
5953,7
5954,8
5955,5
5956,4
5957,4
5958,9
5959,8
5960,6
5961,6
5962,6
5963,9
5964,9
5965,7
5966,9
5967,9
5968,0
5969,5
5970,1
5971,1
5972,0
5973,6
5974,9
5975,9
5976,5
5977,6
5978,5
5979,1
5980,9
5981,7
5982,9
5983,4
5984,3
5985,4
5986,9
5987,4
5988,9
5989,8
5990,8
5991,8
5992,7
5993,8
5994,4
5995,0
5996,4
5997,0
5998,7
5999,0
6000,8
6001,0
6002,2
6003,0
6004,7
6005,4
6006,0
6007,6
6008,2
6009,3
6010,1
6011,7
6012,4
6013,6
6014,4
6015,0
6016,6
6017,9
6018,5
6019,6
6020,6
6021,3
6022,0
6023,5
6024,2
6025,5
6026,3
6027,3
6028,9
6029,0
6030,8
6031,7
6032,4
6033,2
6034,9
6035,5
6036,1
6037,3
6038,4
6039,8
6040,7
6041,7
6042,3
6043,5
6044,4
6045,8
6046,2
6047,0
6048,1
6049,8
6050,3
6051,3
6052,8
6053,4
6054,3
6055,0
6056,4
6057,0
6058,1
6059,9
6060,7
6061,0
6062,3
6063,4
6064,3
6065,5
6066,6
6067,8
6068,3
6069,0
6070,8
6071,7
6072,3
6073,2
6074,4
6075,3
6076,7
6077,2
6078,2
6079,3
6080,1
6081,0
6082,0
6083,5
6084,1
6085,2
6086,1
6087,4
6088,6
6089,7
6090,1
6091,0
6092,5
6093,2
6094,5
6095,9
6096,2
6097,5
6098,6
6099,7
6100,1
6101,9
6102,7
6103,6
6104,1
6105,0
6106,2
6107,9
6108,7
6109,2
6110,9
6111,3
6112,8
6113,2
6114,0
6115,8
6116,4
6117,1
6118,0
6119,1
6120,5
6121,2
6122,5
6123,6
6124,8
6125,9
6126,3
6127,5
6128,0
6129,4
6130,1
6131,6
6132,7
6133,0
6134,9
6135,7
6136,5
6137,5
6138,2
6139,9
6140,9
6141,8
6142,3
6143,9
6144,5
6145,2
6146,8
6147,9
6148,4
6149,7
6150,1
6151,6
6152,6
6153,4
6154,0
6155,8
6156,9
6157,0
6158,0
6159,1
6160,2
6161,6
6162,0
6163,3
6164,7
6165,5
6166,1
6167,9
6168,3
6169,6
6170,2
6171,4
6172,1
6173,1
6174,5
6175,5
6176,9
6177,2
6178,5
6179,1
6180,0
6181,8
6182,1
6183,5
6184,1
6185,3
6186,9
6187,0
6188,9
6189,2
6190,2
6191,0
6192,6
6193,9
6194,0
6195,1
6196,3
6197,3
6198,9
6199,5
6200,0
6201,3
6202,2
6203,3
6204,4
6205,1
6206,2
6207,9
6208,8
6209,7
6210,2
6211,8
6212,6
6213,6
6214,3
6215,2
6216,5
6217,8
6218,1
6219,7
6220,2
6221,0
6222,0
6223,7
6224,5
6225,6
6226,5
6227,7
6228,4
6229,6
6230,2
6231,8
6232,2
6233,7
6234,7
6235,6
6236,1
6237,3
6238,8
6239,6
6240,2
6241,0
6242,0
6243,6
6244,8
6245,5
6246,4
6247,0
6248,0
6249,5
6250,4
6251,0
6252,2
6253,4
6254,4
6255,6
6256,9
6257,2
6258,0
6259,5
6260,6
6261,0
6262,8
6263,2
6264,4
6265,4
6266,7
6267,9
6268,5
6269,7
6270,2
6271,2
6272,2
6273,1
6274,9
6275,9
6276,7
6277,2
6278,3
6279,1
6280,8
6281,1
6282,6
6283,8
6284,0
6285,8
6286,9
6287,5
6288,6
6289,9
6290,1
6291,9
6292,6
6293,3
6294,0
6295,8
6296,8
6297,5
6298,3
6299,6
6300,1
6301,1
6302,0
6303,0
6304,0
6305,6
6306,0
6307,4
6308,4
6309,6
6310,5
6311,7
6312,2
6313,9
6314,6
6315,6
6316,7
6317,9
6318,7
6319,7
6320,0
6321,8
6322,7
6323,2
6324,7
6325,7
6326,7
6327,4
6328,0
6329,1
6330,6
6331,0
6332,5
6333,3
6334,0
6335,2
6336,4
6337,9
6338,5
6339,3
6340,3
6341,2
6342,8
6343,8
6344,5
6345,2
6346,8
6347,0
6348,8
6349,0
6350,0
6351,0
6352,2
6353,2
6354,7
6355,0
6356,7
6357,7
6358,7
6359,2
6360,2
6361,0
6362,4
6363,0
6364,8
6365,7
6366,8
6367,2
6368,7
6369,9
6370,6
6371,1
6372,1
6373,6
6374,9
6375,6
6376,8
6377,9
6378,5
6379,8
6380,3
6381,1
6382,4
6383,6
6384,6
6385,2
6386,5
6387,2
6388,5
6389,5
6390,7
6391,9
6392,6
6393,3
6394,0
6395,8
6396,6
6397,5
6398,6
6399,1
6400,8
6401,4
6402,8
6403,4
6404,7
6405,1
6406,5
6407,2
6408,0
6409,9
6410,1
6411,8
6412,0
6413,6
6414,8
6415,1
6416,7
6417,1
6418,0
6419,8
6420,7
6421,6
6422,4
6423,5
6424,8
6425,2
6426,1
6427,2
6428,6
6429,8
6430,1
6431,1
6432,8
6433,8
6434,0
6435,9
6436,0
6437,0
6438,4
6439,3
6440,5
6441,3
6442,6
6443,6
6444,5
6445,1
6446,0
6447,4
6448,7
6449,8
6450,0
6451,1
6452,5
6453,8
6454,6
6455,6
6456,2
6457,3
6458,2
6459,6
6460,3
6461,4
6462,0
6463,8
6464,1
6465,3
6466,8
6467,3
6468,8
6469,9
6470,1
6471,6
6472,1
6473,9
6474,8
6475,2
6476,0
6477,5
6478,7
6479,4
6480,0
6481,0
6482,7
6483,6
6484,8
6485,9
6486,6
6487,6
6488,0
6489,8
6490,8
6491,2
6492,1
6493,1
6494,2
6495,7
6496,7
6497,2
6498,9
6499,7
6500,9
6501,2
6502,6
6503,6
6504,7
6505,4
6506,5
6507,4
6508,0
6509,9
6510,4
6511,7
6512,2
6513,5
6514,2
6515,2
6516,2
6517,7
6518,6
6519,2
6520,6
6521,4
6522,1
6523,6
6524,0
6525,3
6526,8
6527,5
6528,5
6529,2
6530,3
6531,2
6532,3
6533,1
6534,7
6535,9
6536,1
6537,5
6538,5
6539,7
6540,8
6541,8
6542,9
6543,7
6544,0
6545,0
6546,2
6547,6
6548,0
6549,8
6550,1
6551,4
6552,1
6553,3
6554,5
6555,1
6556,8
6557,9
6558,6
6559,4
6560,6
6561,9
6562,3
6563,6
6564,5
6565,9
6566,1
6567,4
6568,2
6569,8
6570,9
6571,5
6572,2
6573,7
6574,8
6575,3
6576,7
6577,1
6578,6
6579,9
6580,7
6581,1
6582,4
6583,0
6584,6
6585,1
6586,6
6587,3
6588,0
6589,2
6590,2
6591,5
6592,5
6593,4
6594,8
6595,0
6596,3
6597,1
6598,4
6599,2
6600,7
6601,0
6602,8
6603,9
6604,2
6605,2
6606,4
6607,0
6608,5
6609,3
6610,8
6611,8
6612,7
6613,8
6614,5
6615,7
6616,4
6617,4
6618,0
6619,0
6620,7
6621,0
6622,4
6623,0
6624,4
6625,4
6626,5
6627,6
6628,4
6629,0
6630,7
6631,4
6632,7
6633,0
6634,4
6635,2
6636,2
6637,9
6638,1
6639,1
6640,6
6641,0
6642,9
6643,1
6644,0
6645,3
6646,4
6647,4
6648,0
6649,9
6650,0
6651,6
6652,2
6653,2
6654,6
6655,1
6656,2
6657,7
6658,6
6659,1
6660,0
6661,4
6662,6
6663,0
6664,4
6665,4
6666,2
6667,7
6668,6
6669,4
6670,3
6671,5
6672,9
6673,2
6674,5
6675,2
6676,0
6677,3
6678,2
6679,4
6680,5
6681,9
6682,4
6683,5
6684,8
6685,2
6686,9
6687,6
6688,1
6689,8
6690,2
6691,8
6692,6
6693,6
6694,3
6695,4
6696,0
6697,2
6698,6
6699,2
6700,5
6701,1
6702,8
6703,6
6704,1
6705,4
6706,3
6707,2
6708,2
6709,5
6710,3
6711,5
6712,0
6713,2
6714,1
6715,2
6716,8
6717,0
6718,8
6719,2
6720,6
6721,7
6722,5
6723,7
6724,9
6725,8
6726,3
6727,6
6728,1
6729,1
6730,8
6731,6
6732,4
6733,5
6734,8
6735,9
6736,4
6737,0
6738,0
6739,0
6740,2
6741,9
6742,1
6743,8
6744,3
6745,7
6746,5
6747,8
6748,0
6749,9
6750,6
6751,8
6752,9
6753,6
6754,8
6755,9
6756,5
6757,4
6758,8
6759,9
6760,5
6761,2
6762,7
6763,4
6764,8
6765,8
6766,8
6767,1
6768,2
6769,3
6770,1
6771,5
6772,0
6773,2
6774,2
6775,0
6776,8
6777,2
6778,2
6779,8
6780,7
6781,3
6782,2
6783,6
6784,9
6785,6
6786,2
6787,5
6788,1
6789,1
6790,2
6791,7
6792,8
6793,3
6794,8
6795,3
6796,6
6797,0
6798,8
6799,0
6800,6
6801,6
6802,4
6803,6
6804,9
6805,1
6806,1
6807,7
6808,8
6809,6
6810,8
6811,9
6812,8
6813,6
6814,1
6815,0
6816,1
6817,1
6818,7
6819,2
6820,1
6821,0
6822,2
6823,5
6824,0
6825,3
6826,6
6827,5
6828,3
6829,8
6830,1
6831,8
6832,1
6833,6
6834,1
6835,5
6836,4
6837,3
6838,1
6839,4
6840,9
6841,1
6842,0
6843,1
6844,7
6845,2
6846,9
6847,8
6848,9
6849,7
6850,6
6851,0
6852,9
6853,3
6854,0
6855,4
6856,6
6857,2
6858,1
6859,1
6860,0
6861,8
6862,5
6863,6
6864,0
6865,3
6866,6
6867,6
6868,9
6869,6
6870,7
6871,9
6872,0
6873,3
6874,6
6875,5
6876,1
6877,0
6878,5
6879,1
6880,2
6881,3
6882,9
6883,7
6884,0
6885,0
6886,1
6887,9
6888,4
6889,5
6890,5
6891,9
6892,6
6893,3
6894,6
6895,2
6896,6
6897,9
6898,5
6899,7
6900,3
6901,9
6902,4
6903,9
6904,3
6905,2
6906,9
6907,6
6908,6
6909,2
6910,7
6911,6
6912,9
6913,3
6914,0
6915,1
6916,9
6917,6
6918,4
6919,6
6920,5
6921,6
6922,6
6923,0
6924,5
6925,4
6926,7
6927,8
6928,2
6929,5
6930,0
6931,5
6932,9
6933,0
6934,6
6935,7
6936,9
6937,8
6938,3
6939,2
6940,1
6941,4
6942,3
6943,4
6944,5
6945,5
6946,6
6947,8
6948,6
6949,0
6950,8
6951,9
6952,8
6953,0
6954,1
6955,7
6956,6
6957,6
6958,0
6959,2
6960,9
6961,8
6962,7
6963,9
6964,5
6965,6
6966,0
6967,3
6968,8
6969,8
6970,0
6971,9
6972,1
6973,3
6974,9
6975,8
6976,2
6977,7
6978,4
6979,4
6980,8
6981,4
6982,1
6983,9
6984,1
6985,8
6986,5
6987,8
6988,4
6989,4
6990,3
6991,1
6992,4
6993,5
6994,4
6995,9
6996,0
6997,3
6998,8
6999,8
7000,0
7001,1
7002,6
7003,2
7004,0
7005,1
7006,6
7007,9
7008,1
7009,6
7010,0
7011,7
7012,7
7013,1
7014,3
7015,5
7016,5
7017,9
7018,0
7019,6
7020,7
7021,1
7022,2
7023,2
7024,1
7025,6
7026,9
7027,5
7028,9
7029,4
7030,8
7031,0
7032,4
7033,8
7034,0
7035,9
7036,3
7037,7
7038,0
7039,4
7040,0
7041,0
7042,8
7043,6
7044,4
7045,3
7046,9
7047,8
7048,2
7049,2
7050,8
7051,3
7052,1
7053,1
7054,2
7055,2
7056,0
7057,6
7058,9
7059,6
7060,8
7061,4
7062,4
7063,1
7064,5
7065,2
7066,6
7067,9
7068,0
7069,0
7070,7
7071,1
7072,8
7073,9
7074,5
7075,9
7076,9
7077,0
7078,7
7079,7
7080,5
7081,4
7082,2
7083,6
7084,4
7085,3
7086,7
7087,7
7088,8
7089,7
7090,1
7091,6
7092,2
7093,2
7094,4
7095,4
7096,0
7097,7
7098,1
7099,5
7100,9
7101,6
7102,0
7103,0
7104,5
7105,3
7106,8
7107,6
7108,2
7109,4
7110,3
7111,5
7112,2
7113,9
7114,1
7115,0
7116,0
7117,1
7118,5
7119,7
7120,7
7121,9
7122,9
7123,6
7124,5
7125,5
7126,0
7127,0
7128,7
7129,1
7130,6
7131,6
7132,4
7133,9
7134,4
7135,4
7136,1
7137,5
7138,0
7139,0
7140,4
7141,5
7142,8
7143,4
7144,8
7145,8
7146,9
7147,9
7148,0
7149,5
7150,3
7151,1
7152,6
7153,7
7154,0
7155,9
7156,1
7157,5
7158,7
7159,6
7160,5
7161,3
7162,5
7163,6
7164,0
7165,0
7166,1
7167,7
7168,9
7169,1
7170,9
7171,2
7172,6
7173,5
7174,6
7175,7
7176,8
7177,7
7178,0
7179,9
7180,6
7181,6
7182,8
7183,3
7184,5
7185,8
7186,1
7187,7
7188,4
7189,0
7190,2
7191,7
7192,5
7193,8
7194,8
7195,7
7196,0
7197,4
7198,9
7199,1
7200,4
7201,4
7202,5
7203,2
7204,4
7205,6
7206,3
7207,3
7208,1
7209,0
7210,3
7211,3
7212,3
7213,2
7214,5
7215,1
7216,2
7217,8
7218,9
7219,7
7220,9
7221,6
7222,8
7223,7
7224,1
7225,1
7226,7
7227,7
7228,3
7229,2
7230,3
7231,8
7232,9
7233,3
7234,9
7235,2
7236,1
7237,7
7238,3
7239,4
7240,0
7241,4
7242,7
7243,1
7244,5
7245,4
7246,0
7247,0
7248,4
7249,9
7250,8
7251,7
7252,8
7253,4
7254,2
7255,3
7256,4
7257,0
7258,5
7259,6
7260,1
7261,0
7262,2
7263,3
7264,4
7265,5
7266,2
7267,6
7268,3
7269,4
7270,9
7271,7
7272,1
7273,4
7274,9
7275,3
7276,1
7277,4
7278,5
7279,5
7280,1
7281,7
7282,1
7283,4
7284,8
7285,1
7286,2
7287,5
7288,4
7289,0
7290,6
7291,3
7292,5
7293,7
7294,2
7295,5
7296,8
7297,9
7298,4
7299,6
7300,3
7301,6
7302,6
7303,8
7304,6
7305,6
7306,4
7307,8
7308,4
7309,1
7310,7
7311,9
7312,2
7313,3
7314,6
7315,0
7316,1
7317,6
7318,4
7319,2
7320,8
7321,2
7322,4
7323,5
7324,1
7325,4
7326,4
7327,4
7328,4
7329,1
7330,7
7331,5
7332,7
7333,6
7334,5
7335,4
7336,5
7337,6
7338,5
7339,6
7340,2
7341,4
7342,7
7343,0
7344,7
7345,6
7346,5
7347,0
7348,2
7349,3
7350,9
7351,2
7352,3
7353,8
7354,0
7355,7
7356,0
7357,1
7358,8
7359,1
7360,7
7361,8
7362,9
7363,1
7364,5
7365,4
7366,2
7367,3
7368,5
7369,5
7370,7
7371,6
7372,5
7373,8
7374,5
7375,7
7376,9
7377,3
7378,5
7379,7
7380,7
7381,4
7382,0
7383,7
7384,5
7385,9
7386,5
7387,1
7388,7
7389,6
7390,6
7391,4
7392,3
7393,5
7394,1
7395,2
7396,8
7397,6
7398,3
7399,3
7400,5
7401,3
7402,0
7403,2
7404,8
7405,7
7406,2
7407,9
7408,2
7409,8
7410,6
7411,4
7412,9
7413,1
7414,0
7415,3
7416,1
7417,6
7418,8
7419,9
7420,6
7421,5
7422,2
7423,6
7424,9
7425,2
7426,7
7427,2
7428,0
7429,3
7430,6
7431,9
7432,7
7433,5
7434,0
7435,5
7436,8
7437,3
7438,5
7439,5
7440,6
7441,8
7442,7
7443,6
7444,1
7445,6
7446,6
7447,0
7448,9
7449,2
7450,1
7451,1
7452,4
7453,0
7454,0
7455,9
7456,7
7457,2
7458,2
7459,8
7460,5
7461,9
7462,8
7463,2
7464,8
7465,0
7466,6
7467,6
7468,8
7469,6
7470,9
7471,6
7472,1
7473,1
7474,5
7475,3
7476,5
7477,0
7478,1
7479,6
7480,1
7481,4
7482,6
7483,1
7484,1
7485,8
7486,1
7487,1
7488,2
7489,3
7490,4
7491,9
7492,9
7493,8
7494,2
7495,7
7496,4
7497,3
7498,6
7499,9
7500,6
7501,9
7502,9
7503,0
7504,6
7505,7
7506,4
7507,4
7508,2
7509,5
7510,8
7511,0
7512,9
7513,0
7514,7
7515,8
7516,9
7517,2
7518,3
7519,2
7520,4
7521,6
7522,9
7523,0
7524,3
7525,8
7526,9
7527,6
7528,5
7529,5
7530,0
7531,4
7532,9
7533,0
7534,6
7535,1
7536,8
7537,4
7538,5
7539,5
7540,5
7541,0
7542,9
7543,9
7544,0
7545,5
7546,7
7547,9
7548,6
7549,5
7550,4
7551,2
7552,7
7553,9
7554,4
7555,1
7556,0
7557,5
7558,2
7559,1
7560,0
7561,2
7562,4
7563,9
7564,8
7565,1
7566,9
7567,7
7568,7
7569,3
7570,1
7571,6
7572,1
7573,0
7574,6
7575,8
7576,8
7577,1
7578,1
7579,3
7580,8
7581,9
7582,3
7583,1
7584,1
7585,6
7586,2
7587,7
7588,3
7589,6
7590,4
7591,6
7592,9
7593,6
7594,9
7595,1
7596,5
7597,9
7598,5
7599,8
7600,9
7601,8
7602,2
7603,9
7604,1
7605,6
7606,6
7607,0
7608,5
7609,7
7610,7
7611,4
7612,7
7613,9
7614,4
7615,5
7616,0
7617,0
7618,3
7619,5
7620,3
7621,8
7622,9
7623,1
7624,4
7625,7
7626,1
7627,3
7628,3
7629,6
7630,9
7631,1
7632,0
7633,0
7634,1
7635,9
7636,5
7637,8
7638,8
7639,9
7640,8
7641,6
7642,9
7643,8
7644,3
7645,0
7646,2
7647,6
7648,0
7649,2
7650,2
7651,4
7652,0
7653,8
7654,4
7655,8
7656,1
7657,7
7658,7
7659,2
7660,7
7661,9
7662,3
7663,2
7664,4
7665,9
7666,2
7667,6
7668,5
7669,4
7670,2
7671,5
7672,6
7673,6
7674,1
7675,8
7676,6
7677,6
7678,8
7679,6
7680,1
7681,0
7682,8
7683,0
7684,0
7685,0
7686,6
7687,6
7688,8
7689,0
7690,6
7691,6
7692,0
7693,7
7694,9
7695,8
7696,0
7697,5
7698,0
7699,9
7700,6
7701,0
7702,2
7703,7
7704,1
7705,4
7706,8
7707,8
7708,2
7709,3
7710,9
7711,2
7712,5
7713,6
7714,3
7715,1
7716,7
7717,5
7718,0
7719,2
7720,5
7721,2
7722,7
7723,3
7724,8
7725,6
7726,4
7727,6
7728,1
7729,9
7730,4
7731,1
7732,7
7733,0
7734,1
7735,0
7736,3
7737,0
7738,2
7739,9
7740,4
7741,5
7742,0
7743,3
7744,9
7745,7
7746,2
7747,3
7748,0
7749,1
7750,4
7751,7
7752,9
7753,1
7754,0
7755,7
7756,5
7757,6
7758,7
7759,1
7760,2
7761,5
7762,7
7763,3
7764,6
7765,8
7766,4
7767,9
7768,8
7769,4
7770,9
7771,2
7772,3
7773,4
7774,0
7775,2
7776,5
7777,6
7778,6
7779,1
7780,3
7781,5
7782,8
7783,6
7784,9
7785,6
7786,9
7787,5
7788,6
7789,3
7790,8
7791,6
7792,9
7793,8
7794,6
7795,5
7796,8
7797,3
7798,5
7799,9
7800,0
7801,2
7802,2
7803,0
7804,5
7805,9
7806,9
7807,3
7808,8
7809,0
7810,6
7811,0
7812,8
7813,8
7814,7
7815,1
7816,8
7817,6
7818,9
7819,1
7820,5
7821,2
7822,2
7823,7
7824,9
7825,3
7826,1
7827,5
7828,5
7829,2
7830,6
7831,4
7832,8
7833,8
7834,5
7835,0
7836,0
7837,7
7838,0
7839,5
7840,1
7841,6
7842,4
7843,2
7844,9
7845,2
7846,6
7847,7
7848,4
7849,0
7850,0
7851,0
7852,5
7853,6
7854,3
7855,2
7856,6
7857,7
7858,2
7859,7
7860,8
7861,0
7862,1
7863,8
7864,1
7865,3
7866,6
7867,4
7868,8
7869,0
7870,6
7871,0
7872,9
7873,1
7874,6
7875,2
7876,1
7877,0
7878,1
7879,3
7880,0
7881,6
7882,7
7883,9
7884,9
7885,5
7886,7
7887,8
7888,7
7889,1
7890,6
7891,6
7892,9
7893,8
7894,1
7895,4
7896,4
7897,2
7898,1
7899,4
7900,0
7901,1
7902,0
7903,1
7904,1
7905,3
7906,4
7907,6
7908,9
7909,9
7910,9
7911,2
7912,0
7913,8
7914,7
7915,3
7916,2
7917,6
7918,2
7919,6
7920,0
7921,5
7922,8
7923,9
7924,5
7925,0
7926,3
7927,7
7928,2
7929,0
7930,2
7931,1
7932,0
7933,3
7934,8
7935,5
7936,1
7937,1
7938,2
7939,2
7940,6
7941,4
7942,9
7943,1
7944,2
7945,6
7946,1
7947,6
7948,1
7949,8
7950,1
7951,2
7952,8
7953,1
7954,9
7955,9
7956,9
7957,4
7958,2
7959,5
7960,0
7961,6
7962,0
7963,7
7964,1
7965,7
7966,7
7967,7
7968,8
7969,6
7970,3
7971,5
7972,6
7973,1
7974,6
7975,2
7976,3
7977,8
7978,4
7979,5
7980,3
7981,5
7982,9
7983,6
7984,8
7985,5
7986,1
7987,0
7988,6
7989,3
7990,0
7991,9
7992,6
7993,2
7994,0
7995,8
7996,7
7997,1
7998,2
7999,6
8000,9
8001,1
8002,6
8003,4
8004,4
8005,1
8006,9
8007,0
8008,0
8009,6
8010,2
8011,8
8012,3
8013,8
8014,2
8015,0
8016,2
8017,0
8018,8
8019,3
8020,6
8021,1
8022,5
8023,9
8024,0
8025,5
8026,1
8027,4
8028,1
8029,7
8030,3
8031,0
8032,1
8033,3
8034,9
8035,1
8036,6
8037,1
8038,6
8039,1
8040,2
8041,3
8042,7
8043,0
8044,9
8045,5
8046,0
8047,8
8048,0
8049,1
8050,7
8051,9
8052,7
8053,1
8054,9
8055,2
8056,1
8057,3
8058,0
8059,6
8060,6
8061,0
8062,2
8063,0
8064,0
8065,9
8066,3
8067,8
8068,9
8069,2
8070,5
8071,6
8072,3
8073,0
8074,7
8075,8
8076,7
8077,3
8078,7
8079,8
8080,4
8081,6
8082,5
8083,9
8084,5
8085,2
8086,0
8087,2
8088,7
8089,9
8090,6
8091,7
8092,7
8093,7
8094,1
8095,2
8096,3
8097,1
8098,1
8099,3
8100,5
8101,8
8102,3
8103,5
8104,7
8105,0
8106,8
8107,1
8108,5
8109,4
8110,6
8111,5
8112,6
8113,6
8114,3
8115,7
8116,9
8117,8
8118,4
8119,6
8120,8
8121,0
8122,2
8123,1
8124,7
8125,8
8126,4
8127,9
8128,4
8129,2
8130,6
8131,3
8132,8
8133,8
8134,6
8135,7
8136,3
8137,8
8138,8
8139,9
8140,6
8141,3
8142,7
8143,9
8144,9
8145,9
8146,8
8147,5
8148,9
8149,9
8150,6
8151,8
8152,8
8153,4
8154,8
8155,1
8156,0
8157,1
8158,8
8159,8
8160,5
8161,5
8162,1
8163,0
8164,6
8165,1
8166,5
8167,6
8168,6
8169,3
8170,5
8171,6
8172,5
8173,7
8174,0
8175,3
8176,6
8177,9
8178,9
8179,4
8180,6
8181,3
8182,8
8183,3
8184,6
8185,0
8186,8
8187,5
8188,7
8189,8
8190,4
8191,6
8192,5
8193,5
8194,1
8195,8
8196,9
8197,0
8198,2
8199,9
8200,5
8201,3
8202,2
8203,3
8204,3
8205,2
8206,7
8207,7
8208,8
8209,6
8210,0
8211,5
8212,3
8213,6
8214,1
8215,1
8216,5
8217,9
8218,9
8219,6
8220,6
8221,7
8222,8
8223,8
8224,3
8225,8
8226,8
8227,7
8228,8
8229,8
8230,0
8231,3
8232,2
8233,5
8234,0
8235,7
8236,6
8237,7
8238,1
8239,8
8240,7
8241,0
8242,5
8243,4
8244,4
8245,5
8246,0
8247,6
8248,1
8249,1
8250,6
8251,3
8252,2
8253,2
8254,8
8255,9
8256,8
8257,3
8258,3
8259,8
8260,1
8261,9
8262,3
8263,6
8264,2
8265,0
8266,5
8267,2
8268,5
8269,2
8270,6
8271,3
8272,9
8273,6
8274,6
8275,3
8276,9
8277,4
8278,8
8279,3
8280,4
8281,5
8282,1
8283,8
8284,2
8285,9
8286,2
8287,8
8288,5
8289,5
8290,3
8291,4
8292,9
8293,0
8294,8
8295,5
8296,2
8297,1
8298,3
8299,3
8300,3
8301,4
8302,4
8303,0
8304,9
8305,4
8306,1
8307,4
8308,2
8309,6
8310,3
8311,8
8312,9
8313,6
8314,3
8315,6
8316,3
8317,5
8318,2
8319,7
8320,7
8321,4
8322,4
8323,9
8324,5
8325,2
8326,6
8327,7
8328,7
8329,8
8330,5
8331,3
8332,9
8333,1
8334,6
8335,3
8336,3
8337,3
8338,9
8339,8
8340,5
8341,6
8342,1
8343,9
8344,7
8345,7
8346,6
8347,1
8348,6
8349,4
8350,9
8351,2
8352,5
8353,7
8354,4
8355,9
8356,1
8357,0
8358,0
8359,9
8360,7
8361,8
8362,3
8363,1
8364,4
8365,6
8366,1
8367,6
8368,6
8369,4
8370,4
8371,2
8372,8
8373,8
8374,4
8375,6
8376,3
8377,8
8378,5
8379,8
8380,9
8381,4
8382,3
8383,2
8384,5
8385,1
8386,4
8387,0
8388,1
8389,1
8390,1
8391,1
8392,6
8393,8
8394,7
8395,1
8396,0
8397,0
8398,4
8399,5
8400,0
8401,3
8402,0
8403,6
8404,4
8405,0
8406,9
8407,8
8408,9
8409,8
8410,5
8411,8
8412,2
8413,0
8414,6
8415,0
8416,6
8417,1
8418,8
8419,7
8420,6
8421,2
8422,2
8423,6
8424,5
8425,6
8426,9
8427,2
8428,3
8429,4
8430,9
8431,8
8432,3
8433,6
8434,9
8435,9
8436,5
8437,7
8438,1
8439,8
8440,7
8441,8
8442,6
8443,4
8444,5
8445,1
8446,3
8447,0
8448,3
8449,1
8450,1
8451,2
8452,6
8453,9
8454,0
8455,1
8456,7
8457,4
8458,5
8459,9
8460,8
8461,7
8462,2
8463,1
8464,6
8465,9
8466,7
8467,3
8468,6
8469,5
8470,8
8471,8
8472,2
8473,2
8474,4
8475,9
8476,4
8477,5
8478,5
8479,4
8480,2
8481,3
8482,1
8483,0
8484,6
8485,0
8486,4
8487,4
8488,9
8489,1
8490,6
8491,3
8492,0
8493,2
8494,1
8495,1
8496,0
8497,3
8498,1
8499,9
8500,7
8501,8
8502,1
8503,1
8504,1
8505,5
8506,9
8507,8
8508,1
8509,6
8510,7
8511,2
8512,9
8513,9
8514,7
8515,8
8516,8
8517,1
8518,9
8519,7
8520,8
8521,8
8522,1
8523,6
8524,6
8525,6
8526,5
8527,1
8528,6
8529,9
8530,9
8531,8
8532,3
8533,6
8534,6
8535,5
8536,9
8537,0
8538,7
8539,6
8540,4
8541,8
8542,6
8543,0
8544,6
8545,6
8546,8
8547,6
8548,2
8549,9
8550,8
8551,8
8552,6
8553,7
8554,0
8555,5
8556,4
8557,3
8558,2
8559,1
8560,7
8561,8
8562,2
8563,0
8564,1
8565,7
8566,2
8567,8
8568,7
8569,6
8570,6
8571,7
8572,0
8573,0
8574,4
8575,9
8576,0
8577,6
8578,2
8579,1
8580,5
8581,8
8582,6
8583,8
8584,1
8585,9
8586,6
8587,7
8588,6
8589,4
8590,4
8591,2
8592,0
8593,1
8594,3
8595,1
8596,1
8597,3
8598,3
8599,4
8600,3
8601,6
8602,8
8603,1
8604,5
8605,6
8606,1
8607,8
8608,8
8609,6
8610,2
8611,7
8612,4
8613,6
8614,8
8615,9
8616,3
8617,4
8618,5
8619,5
8620,3
8621,1
8622,4
8623,1
8624,9
8625,5
8626,1
8627,7
8628,7
8629,7
8630,5
8631,2
8632,3
8633,2
8634,6
8635,6
8636,6
8637,4
8638,0
8639,0
8640,1
8641,7
8642,6
8643,0
8644,9
8645,1
8646,2
8647,6
8648,1
8649,2
8650,2
8651,2
8652,9
8653,0
8654,3
8655,8
8656,4
8657,6
8658,3
8659,0
8660,8
8661,2
8662,3
8663,9
8664,5
8665,3
8666,0
8667,4
8668,3
8669,6
8670,9
8671,4
8672,4
8673,9
8674,1
8675,7
8676,8
8677,5
8678,1
8679,8
8680,3
8681,2
8682,5
8683,7
8684,2
8685,7
8686,9
8687,6
8688,8
8689,6
8690,0
8691,6
8692,5
8693,9
8694,0
8695,4
8696,8
8697,5
8698,6
8699,6
8700,3
8701,8
8702,0
8703,4
8704,8
8705,6
8706,7
8707,2
8708,7
8709,1
8710,7
8711,4
8712,1
8713,3
8714,4
8715,5
8716,2
8717,8
8718,7
8719,2
8720,0
8721,6
8722,3
8723,4
8724,6
8725,8
8726,9
8727,9
8728,5
8729,7
8730,2
8731,9
8732,8
8733,7
8734,2
8735,0
8736,3
8737,7
8738,4
8739,3
8740,2
8741,1
8742,9
8743,8
8744,1
8745,5
8746,5
8747,2
8748,6
8749,9
8750,9
8751,8
8752,5
8753,7
8754,3
8755,6
8756,1
8757,4
8758,9
8759,7
8760,8
8761,0
8762,8
8763,9
8764,1
8765,2
8766,5
8767,7
8768,2
8769,0
8770,6
8771,6
8772,1
8773,2
8774,4
8775,1
8776,5
8777,0
8778,4
8779,5
8780,7
8781,6
8782,5
8783,6
8784,4
8785,8
8786,3
8787,4
8788,5
8789,5
8790,0
8791,6
8792,6
8793,7
8794,5
8795,0
8796,9
8797,9
8798,6
8799,1
8800,0
8801,4
8802,6
8803,3
8804,6
8805,9
8806,6
8807,6
8808,6
8809,2
8810,2
8811,1
8812,0
8813,1
8814,9
8815,3
8816,7
8817,7
8818,3
8819,0
8820,2
8821,7
8822,6
8823,7
8824,3
8825,1
8826,8
8827,4
8828,3
8829,0
8830,9
8831,6
8832,6
8833,6
8834,8
8835,7
8836,4
8837,1
8838,8
8839,1
8840,2
8841,0
8842,6
8843,7
8844,5
8845,3
8846,6
8847,4
8848,5
8849,9
8850,1
8851,0
8852,7
8853,2
8854,4
8855,4
8856,0
8857,0
8858,6
8859,2
8860,2
8861,3
8862,0
8863,5
8864,9
8865,7
8866,1
8867,8
8868,7
8869,5
8870,5
8871,9
8872,0
8873,5
8874,6
8875,1
8876,9
8877,1
8878,8
8879,9
8880,1
8881,6
8882,3
8883,1
8884,0
8885,3
8886,7
8887,4
8888,8
8889,4
8890,8
8891,9
8892,8
8893,6
8894,0
8895,0
8896,8
8897,2
8898,7
8899,4
8900,2
8901,5
8902,6
8903,0
8904,5
8905,8
8906,2
8907,1
8908,9
8909,0
8910,1
8911,4
8912,4
8913,8
8914,2
8915,9
8916,6
8917,9
8918,0
8919,4
8920,6
8921,8
8922,9
8923,2
8924,5
8925,0
8926,4
8927,9
8928,2
8929,9
8930,3
8931,9
8932,6
8933,6
8934,6
8935,0
8936,9
8937,7
8938,1
8939,8
8940,0
8941,0
8942,6
8943,7
8944,0
8945,1
8946,9
8947,4
8948,6
8949,7
8950,9
8951,8
8952,3
8953,9
8954,2
8955,1
8956,0
8957,6
8958,6
8959,1
8960,0
8961,0
8962,3
8963,6
8964,0
8965,4
8966,9
8967,2
8968,8
8969,8
8970,0
8971,6
8972,0
8973,5
8974,6
8975,8
8976,7
8977,6
8978,6
8979,5
8980,9
8981,4
8982,2
8983,5
8984,6
8985,1
8986,6
8987,2
8988,2
8989,4
8990,1
8991,0
8992,5
8993,9
8994,8
8995,9
8996,2
8997,5
8998,9
8999,6
9000,8
9001,1
9002,5
9003,3
9004,7
9005,5
9006,6
9007,2
9008,0
9009,2
9010,8
9011,2
9012,1
9013,7
9014,7
9015,8
9016,1
9017,0
9018,8
9019,9
9020,7
9021,0
9022,3
9023,0
9024,0
9025,6
9026,9
9027,3
9028,8
9029,7
9030,0
9031,0
9032,9
9033,2
9034,2
9035,7
9036,4
9037,9
9038,6
9039,4
9040,5
9041,3
9042,1
9043,5
9044,2
9045,0
9046,0
9047,4
9048,9
9049,6
9050,3
9051,8
9052,0
9053,4
9054,8
9055,6
9056,4
9057,8
9058,5
9059,2
9060,9
9061,7
9062,9
9063,7
9064,1
9065,0
9066,1
9067,9
9068,6
9069,9
9070,2
9071,3
9072,9
9073,4
9074,4
9075,0
9076,6
9077,2
9078,4
9079,0
9080,3
9081,7
9082,2
9083,0
9084,5
9085,9
9086,0
9087,3
9088,6
9089,3
9090,6
9091,7
9092,6
9093,3
9094,4
9095,5
9096,9
9097,0
9098,6
9099,9
9100,9
9101,8
9102,4
9103,7
9104,4
9105,0
9106,6
9107,7
9108,2
9109,3
9110,1
9111,0
9112,4
9113,1
9114,8
9115,8
9116,4
9117,9
9118,4
9119,4
9120,5
9121,3
9122,9
9123,2
9124,0
9125,1
9126,1
9127,9
9128,4
9129,4
9130,8
9131,5
9132,6
9133,9
9134,5
9135,7
9136,6
9137,6
9138,5
9139,4
9140,7
9141,3
9142,3
9143,3
9144,0
9145,9
9146,5
9147,9
9148,3
9149,7
9150,6
9151,0
9152,4
9153,2
9154,2
9155,5
9156,6
9157,3
9158,1
9159,9
9160,5
9161,6
9162,1
9163,2
9164,5
9165,4
9166,6
9167,7
9168,2
9169,1
9170,0
9171,2
9172,0
9173,4
9174,9
9175,8
9176,8
9177,9
9178,1
9179,1
9180,5
9181,0
9182,0
9183,8
9184,7
9185,1
9186,7
9187,4
9188,5
9189,7
9190,4
9191,3
9192,2
9193,0
9194,6
9195,6
9196,0
9197,1
9198,3
9199,9
9200,8
9201,3
9202,7
9203,8
9204,8
9205,4
9206,8
9207,9
9208,0
9209,9
9210,3
9211,1
9212,6
9213,2
9214,9
9215,5
9216,3
9217,9
9218,3
9219,9
9220,8
9221,7
9222,7
9223,1
9224,6
9225,5
9226,7
9227,9
9228,3
9229,1
9230,0
9231,5
9232,1
9233,8
9234,6
9235,0
9236,9
9237,2
9238,9
9239,8
9240,8
9241,6
9242,7
9243,3
9244,7
9245,1
9246,4
9247,9
9248,8
9249,9
9250,4
9251,6
9252,7
9253,2
9254,5
9255,7
9256,0
9257,3
9258,9
9259,7
9260,5
9261,5
9262,3
9263,6
9264,5
9265,1
9266,8
9267,3
9268,4
9269,5
9270,9
9271,0
9272,0
9273,0
9274,8
9275,8
9276,7
9277,6
9278,5
9279,8
9280,1
9281,3
9282,7
9283,9
9284,7
9285,8
9286,7
9287,9
9288,8
9289,5
9290,4
9291,0
9292,7
9293,7
9294,6
9295,3
9296,8
9297,2
9298,1
9299,9
9300,3
9301,7
9302,9
9303,9
9304,5
9305,7
9306,8
9307,7
9308,3
9309,6
9310,3
9311,5
9312,9
9313,7
9314,6
9315,4
9316,3
9317,6
9318,4
9319,3
9320,9
9321,4
9322,2
9323,1
9324,9
9325,6
9326,0
9327,6
9328,6
9329,7
9330,4
9331,7
9332,9
9333,0
9334,9
9335,2
9336,5
9337,3
9338,3
9339,1
9340,1
9341,2
9342,6
9343,8
9344,2
9345,1
9346,3
9347,8
9348,5
9349,1
9350,6
9351,1
9352,8
9353,7
9354,0
9355,6
9356,0
9357,9
9358,2
9359,6
9360,0
9361,9
9362,9
9363,5
9364,6
9365,6
9366,2
9367,9
9368,1
9369,4
9370,9
9371,8
9372,7
9373,1
9374,7
9375,5
9376,9
9377,4
9378,0
9379,7
9380,3
9381,2
9382,9
9383,9
9384,4
9385,8
9386,4
9387,1
9388,3
9389,8
9390,7
9391,9
9392,0
9393,4
9394,5
9395,7
9396,5
9397,2
9398,9
9399,7
9400,6
9401,9
9402,6
9403,9
9404,5
9405,8
9406,3
9407,6
9408,6
9409,9
9410,5
9411,7
9412,8
9413,0
9414,3
9415,0
9416,7
9417,4
9418,8
9419,9
9420,5
9421,9
9422,3
9423,2
9424,2
9425,6
9426,6
9427,1
9428,7
9429,2
9430,6
9431,5
9432,1
9433,3
9434,7
9435,2
9436,6
9437,3
9438,7
9439,0
9440,8
9441,4
9442,4
9443,5
9444,7
9445,9
9446,5
9447,4
9448,3
9449,8
9450,6
9451,8
9452,2
9453,5
9454,3
9455,1
9456,6
9457,1
9458,7
9459,0
9460,3
9461,4
9462,2
9463,9
9464,4
9465,5
9466,8
9467,9
9468,5
9469,0
9470,9
9471,6
9472,8
9473,0
9474,8
9475,2
9476,8
9477,5
9478,7
9479,7
9480,2
9481,2
9482,0
9483,0
9484,0
9485,2
9486,4
9487,1
9488,6
9489,6
9490,8
9491,8
9492,9
9493,0
9494,1
9495,0
9496,1
9497,6
9498,3
9499,0
9500,1
9501,6
9502,6
9503,4
9504,6
9505,3
9506,5
9507,8
9508,8
9509,4
9510,1
9511,4
9512,0
9513,7
9514,5
9515,0
9516,9
9517,9
9518,9
9519,9
9520,1
9521,4
9522,4
9523,5
9524,4
9525,2
9526,9
9527,5
9528,8
9529,9
9530,6
9531,6
9532,8
9533,0
9534,6
9535,9
9536,4
9537,6
9538,8
9539,0
9540,5
9541,2
9542,9
9543,2
9544,0
9545,9
9546,6
9547,4
9548,6
9549,3
9550,6
9551,0
9552,9
9553,7
9554,7
9555,2
9556,6
9557,5
9558,0
9559,1
9560,0
9561,0
9562,3
9563,1
9564,9
9565,0
9566,9
9567,0
9568,8
9569,6
9570,7
9571,6
9572,8
9573,5
9574,4
9575,5
9576,3
9577,0
9578,3
9579,6
9580,1
9581,7
9582,5
9583,9
9584,3
9585,4
9586,5
9587,5
9588,1
9589,5
9590,0
9591,1
9592,1
9593,9
9594,9
9595,7
9596,5
9597,5
9598,9
9599,7
9600,8
9601,1
9602,0
9603,3
9604,8
9605,2
9606,9
9607,7
9608,0
9609,6
9610,4
9611,8
9612,4
9613,4
9614,6
9615,6
9616,3
9617,8
9618,1
9619,8
9620,4
9621,6
9622,3
9623,9
9624,2
9625,0
9626,9
9627,5
9628,9
9629,1
9630,6
9631,7
9632,2
9633,0
9634,1
9635,7
9636,6
9637,9
9638,2
9639,2
9640,9
9641,6
9642,0
9643,0
9644,0
9645,1
9646,7
9647,3
9648,3
9649,5
9650,8
9651,7
9652,6
9653,6
9654,5
9655,8
9656,0
9657,3
9658,9
9659,4
9660,6
9661,5
9662,1
9663,1
9664,0
9665,3
9666,5
9667,9
9668,7
9669,8
9670,1
9671,7
9672,7
9673,9
9674,9
9675,6
9676,6
9677,6
9678,2
9679,2
9680,8
9681,2
9682,7
9683,1
9684,7
9685,3
9686,2
9687,1
9688,3
9689,9
9690,4
9691,1
9692,9
9693,6
9694,6
9695,0
9696,9
9697,0
9698,7
9699,0
9700,0
9701,5
9702,7
9703,4
9704,2
9705,6
9706,9
9707,4
9708,9
9709,9
9710,7
9711,4
9712,5
9713,8
9714,1
9715,2
9716,7
9717,9
9718,9
9719,8
9720,8
9721,6
9722,9
9723,7
9724,0
9725,8
9726,9
9727,6
9728,2
9729,6
9730,6
9731,6
9732,9
9733,7
9734,4
9735,6
9736,8
9737,3
9738,6
9739,1
9740,6
9741,3
9742,9
9743,9
9744,1
9745,3
9746,3
9747,0
9748,3
9749,0
9750,6
9751,0
9752,7
9753,3
9754,9
9755,3
9756,5
9757,7
9758,6
9759,5
9760,9
9761,5
9762,6
9763,1
9764,2
9765,4
9766,0
9767,2
9768,7
9769,8
9770,6
9771,7
9772,0
9773,1
9774,3
9775,1
9776,2
9777,9
9778,5
9779,3
9780,4
9781,3
9782,2
9783,2
9784,8
9785,8
9786,6
9787,8
9788,1
9789,1
9790,0
9791,9
9792,7
9793,5
9794,0
9795,4
9796,9
9797,1
9798,5
9799,7
9800,1
9801,6
9802,0
9803,1
9804,5
9805,2
9806,8
9807,1
9808,1
9809,6
9810,8
9811,1
9812,8
9813,1
9814,8
9815,6
9816,1
9817,1
9818,0
9819,3
9820,0
9821,4
9822,0
9823,5
9824,1
9825,2
9826,0
9827,2
9828,9
9829,6
9830,1
9831,2
9832,4
9833,7
9834,8
9835,7
9836,2
9837,4
9838,5
9839,3
9840,4
9841,0
9842,4
9843,1
9844,5
9845,9
9846,8
9847,0
9848,2
9849,0
9850,7
9851,6
9852,0
9853,6
9854,9
9855,7
9856,5
9857,1
9858,4
9859,6
9860,2
9861,6
9862,5
9863,6
9864,0
9865,1
9866,9
9867,0
9868,9
9869,7
9870,2
9871,9
9872,0
9873,3
9874,0
9875,9
9876,0
9877,6
9878,5
9879,9
9880,7
9881,1
9882,1
9883,7
9884,9
9885,8
9886,4
9887,8
9888,0
9889,8
9890,0
9891,2
9892,8
9893,2
9894,0
9895,4
9896,4
9897,8
9898,1
9899,7
9900,8
9901,5
9902,8
9903,6
9904,0
9905,1
9906,1
9907,1
9908,8
9909,1
9910,7
9911,4
9912,0
9913,7
9914,8
9915,2
9916,1
9917,2
9918,7
9919,4
9920,6
9921,0
9922,5
9923,6
9924,4
9925,4
9926,8
9927,9
9928,3
9929,8
9930,8
9931,0
9932,8
9933,7
9934,7
9935,1
9936,8
9937,4
9938,9
9939,5
9940,4
9941,1
9942,7
9943,1
9944,7
9945,7
9946,0
9947,6
9948,8
9949,9
9950,3
9951,8
9952,5
9953,4
9954,0
9955,8
9956,0
9957,0
9958,9
9959,3
9960,2
9961,3
9962,2
9963,0
9964,4
9965,2
9966,6
9967,4
9968,5
9969,6
9970,2
9971,9
9972,4
9973,0
9974,1
9975,7
9976,5
9977,5
9978,7
9979,3
9980,0
9981,4
9982,6
9983,0
9984,7
9985,5
9986,0
9987,0
9988,8
9989,4
9990,7
9991,0
9992,3
9993,5
9994,3
9995,8
9996,6
9997,5
9998,2
9999,7
